0.1
2.9155
2.91212
3.14459
2.18376
2.18613
2.90599
2.20348
2.10487
2.36291
2.34772
2.84108
2.90885
2.64064
1.73551
2.05002
1.30127
2.67952
2.48115
1.85876
3.22459
2.54772
2.4809
2.64518
1.67961
2.62881
3.32455
2.55819
2.6565
2.44656
2.24808
2.345
2.2601
2.5782
0.855266
1.68001
3.33054
1.74202
2.95285
1.78322
1.52276
2.01955
1.56006
2.59912
2.98056
2.5672
2.0596
1.91163
2.57531
1.52674
2.2591
2.53202
3.10299
1.31806
1.16032
1.92167
3.34869
2.93091
1.68634
2.70073
2.76689
2.12034
1.93543
2.51431
1.95184
3.34746
2.81942
2.66138
2.36269
2.68083
2.38644
1.28871
2.04819
2.96784
2.78865
2.53346
2.39078
1.0263
1.43372
2.58754
1.32395
1.75744
1.95067
2.67582
2.61016
2.60351
0.796157
2.52434
1.89683
1.01039
1.69914
2.79351
1.50241
3.03138
2.22508
2.37949
1.54127
2.83035
2.99227
1.31527
2.79233
0.1
1.88621
2.90443
2.01463
2.39614
2.58011
2.10085
1.00276
1.73528
2.46842
2.72567
2.035
2.02651
2.02416
2.11657
2.64415
2.01605
2.09237
1.46279
2.40578
2.51839
2.13475
1.47292
2.11949
2.42622
2.02038
2.24578
1.61667
1.94407
2.33443
2.78599
2.49857
2.63426
2.36645
1.77506
2.2733
2.07077
1.89724
1.78715
2.47418
3.02399
2.09492
1.93979
2.97373
1.47805
2.50299
0.975378
1.28411
2.82591
1.47808
2.31529
2.62866
3.02781
1.90686
2.35675
2.43547
2.9615
3.13635
1.58686
1.7005
2.12672
2.65951
1.78425
2.8936
2.33559
2.59173
1.88591
2.20334
2.20726
1.65596
1.25563
1.72602
2.16901
1.60198
2.09786
2.09935
2.60219
2.22834
2.44284
2.77009
1.93861
2.9215
1.99265
1.92109
2.45051
2.43466
2.34137
1.75078
1.56353
2.15953
1.91681
2.15566
1.61755
1.18308
2.24709
2.76463
2.09985
2.51299
2.55488
2.71109
1.8339
0.1
3.25884
2.33809
2.0425
2.55667
1.97306
1.40698
2.22427
2.76137
2.27331
1.75567
1.81225
2.21577
2.3873
2.49425
2.28132
2.22104
1.81243
2.57264
2.08197
2.52797
2.11515
1.99948
2.81218
2.45671
2.66261
1.64213
2.35219
2.54698
2.88413
2.59214
2.93243
2.24568
1.69351
0.81097
1.70471
2.48252
1.51594
2.30706
2.99792
2.19779
2.46013
2.46287
0.865715
2.6881
1.27775
1.97027
2.69948
0.809527
2.71366
2.76062
2.92579
1.97933
2.09628
3.00536
3.25287
2.9658
1.21959
1.56031
1.98869
2.34404
2.24178
2.87112
2.06942
3.00123
1.40917
1.99585
2.56123
1.8279
1.21649
1.96977
1.89607
1.60886
1.46596
1.86119
2.47416
2.19039
1.95235
2.66752
1.67287
3.00541
2.12705
1.31061
2.28733
2.33084
1.76056
1.88953
1.56552
2.05263
2.00786
2.06539
2.25827
1.76986
2.44361
2.55662
1.74801
2.71699
2.43584
2.77439
2.67576
3.08842
0.1
1.62603
2.59727
2.50933
2.21955
1.93342
2.04521
1.68049
3.09452
3.05888
2.42713
2.02999
1.53353
2.58775
1.7043
1.7683
1.7282
2.37804
2.85558
1.9385
2.51855
2.20056
1.83421
2.87343
1.70014
2.72539
2.33557
2.68156
3.10211
1.60963
1.41252
2.39073
2.09214
3.61854
2.46533
1.98535
2.2336
2.78733
3.31523
2.1378
1.96446
3.41931
2.66444
2.64981
1.854
2.03099
2.68032
2.41439
2.27332
2.1456
3.14018
1.7419
2.90563
2.24636
1.36313
3.04419
2.80868
2.75403
2.78526
2.8133
2.53945
2.38326
3.07136
1.64781
2.63512
3.05875
1.8718
1.9675
1.67055
1.04179
2.7585
2.50961
2.96735
2.29802
2.69851
2.4758
2.90007
2.64856
2.47306
2.33197
1.98713
2.72866
2.42899
2.43098
2.97167
1.84357
1.52694
2.59588
3.00635
2.27739
2.5857
1.87575
1.08853
2.80999
3.09574
1.84375
2.74879
2.82224
2.71708
3.24743
2.37577
0.1
2.93092
3.18593
2.65364
1.89064
1.80419
1.79411
3.43997
3.06405
2.84503
1.65632
1.53082
2.7774
2.31022
2.44087
1.39469
3.02528
3.17551
1.01836
2.3319
2.47251
0.748004
2.83356
1.21161
2.66031
1.79637
2.23838
2.70306
2.30641
1.78285
2.46855
2.25141
3.79185
2.58907
2.23385
2.4065
2.74812
3.07774
2.09498
1.86845
3.7126
2.75716
2.26141
1.93055
2.11582
2.84211
2.49043
1.43449
2.89971
3.08589
1.67969
2.88956
2.15938
2.45047
3.2166
2.85105
2.7969
2.64679
3.06586
2.33347
2.74798
3.50071
1.42099
2.89244
3.00812
2.39361
2.37619
1.64799
1.70668
3.12686
2.75038
3.03644
2.7211
2.7182
2.33928
3.16683
2.74858
2.51896
2.58498
2.52371
2.90591
2.99081
2.5293
3.13766
2.08517
1.62923
2.48134
2.8278
2.44962
2.48263
1.89296
2.08394
2.95613
3.08508
2.70153
2.80107
2.44494
2.79852
2.45256
3.29397
2.53603
0.1
2.35075
1.72544
2.03328
2.66057
2.82333
1.69031
2.64304
1.9053
2.39046
2.47667
1.98325
2.44499
2.18629
2.16102
2.73382
1.36092
2.82572
2.83151
1.71507
3.02643
3.1827
2.90775
2.54652
2.82127
2.91077
3.15748
2.30536
2.95441
1.9388
1.77589
2.80684
1.49713
2.93334
1.59621
2.27556
3.11195
2.27686
2.85412
1.93726
2.26536
2.9205
1.86018
2.53893
2.19388
1.96165
3.04965
2.69049
2.75626
1.93252
2.27874
3.44401
3.19018
2.38787
2.44207
2.47808
2.42461
1.48391
2.84256
2.36966
2.54828
3.18484
2.00744
2.59501
2.75986
2.10912
1.49076
2.04791
2.22099
2.34272
2.1994
1.52936
2.24033
2.27319
1.61833
2.26334
1.89077
2.73001
2.26292
2.03417
1.77984
2.02526
1.87378
2.02084
1.47105
2.25619
2.8657
1.90472
2.99156
2.28057
2.3681
2.02894
2.60449
2.70199
2.30572
2.51199
2.32896
2.37405
2.45825
2.13066
1.81914
0.1
1.08909
1.78539
2.16039
2.24801
2.32461
2.63971
1.54299
2.15195
1.9805
2.20181
1.71164
1.13451
1.83282
1.90813
2.1054
2.39705
2.39629
1.58533
2.51346
2.79183
2.33882
2.41644
2.48352
2.70229
3.06915
1.81224
2.36048
2.10099
1.57503
2.78294
1.93198
2.19452
1.60702
2.45387
3.13603
2.02027
2.21787
2.67502
2.12778
2.69139
1.5104
1.96463
2.41301
1.93778
2.62673
1.97807
2.88275
1.77125
2.45826
2.77977
2.38716
2.69606
2.33193
2.36287
2.48489
2.18722
2.41778
2.25954
2.18101
2.55161
1.95282
2.58453
1.85622
1.27183
1.41972
1.38522
2.02053
1.9907
2.40373
1.40401
2.40824
2.29238
2.1993
2.42788
1.99747
2.41108
1.5624
2.12411
1.29084
2.12878
2.33461
1.47492
1.32858
2.32357
2.73835
1.81191
2.54818
1.7802
1.67936
2.40865
2.65946
1.84856
2.36017
2.31701
2.30577
2.22719
2.64428
2.15964
1.62315
1.31831
0.1
1.78164
2.14309
2.27334
2.22718
2.55943
1.61643
2.08037
1.9936
2.0071
1.94505
1.51017
1.80419
2.2015
1.98066
2.42481
2.34187
1.28589
2.56124
2.83952
2.39108
2.35023
2.45001
2.59857
2.93817
1.92313
2.43879
1.92577
1.32848
2.5877
1.71728
2.32781
1.33015
2.25313
2.94922
1.8829
2.24867
2.53663
2.02527
2.57477
1.44557
2.02393
2.26724
1.83704
2.60915
2.25947
2.67986
1.68783
2.23227
2.90078
2.5262
2.51691
2.23928
2.31911
2.32771
1.95535
2.32871
2.19443
2.24292
2.63098
1.91143
2.36399
1.96283
1.40362
1.292
1.53911
2.06703
2.03037
2.2404
1.43227
2.21817
2.13615
2.0769
2.27964
1.77438
2.33854
1.8099
2.04059
1.41604
1.94139
2.17499
1.37313
1.20224
2.15261
2.64095
1.56203
2.58343
1.78718
1.86594
2.21721
2.55294
2.15211
2.12069
3.09991
1.52679
2.21586
3.22526
2.15272
2.67554
3.03791
2.4914
0.1
2.04957
2.7806
2.94328
1.93026
2.3169
2.21992
2.39056
2.93858
2.24738
2.43555
1.64379
2.68801
2.7468
2.23667
1.83639
2.47473
2.60502
1.60581
2.475
1.4334
2.01854
2.50362
2.94195
2.76964
2.90397
2.61831
2.13811
2.65016
2.30614
2.17874
2.12734
2.71781
3.27123
2.41158
2.28808
3.17949
1.73927
2.74759
1.45409
1.63242
3.08526
1.63166
2.48644
2.87196
3.31554
2.12166
2.62341
2.52197
3.32528
3.42576
1.68649
1.55676
2.27009
2.94847
2.17442
3.19419
2.62998
2.83862
2.08214
2.52667
2.65797
2.08072
1.4767
1.98666
2.37336
1.76994
2.25681
2.36967
2.86451
2.44302
2.63633
3.02414
2.22749
3.26085
2.23659
2.05237
2.7902
2.71559
2.51498
2.14591
1.79882
2.36491
1.83279
2.50446
1.28211
1.60136
2.51425
3.02791
2.06329
2.79592
2.89133
2.51764
1.92851
2.54488
2.46795
1.49059
2.53424
2.66183
2.17129
1.48743
0.1
1.82964
3.01385
2.55406
2.3844
1.51558
1.51788
2.485
2.06983
2.09188
0.791632
2.64487
2.76489
1.60444
1.38308
2.03
1.81214
2.45666
1.5553
2.13891
1.48657
1.90221
2.45147
2.26673
2.09314
2.19866
1.72094
2.97717
2.17579
1.79726
1.89071
2.35749
2.72041
1.67119
1.05995
3.26181
2.13478
1.96511
1.31083
1.49533
2.64685
1.97837
1.5792
2.69455
2.76265
1.55866
2.36763
2.18466
2.46664
2.96406
2.24361
2.30003
2.17388
2.68272
1.30163
2.63171
2.91305
1.94633
2.39401
2.30914
1.84091
1.8371
1.22885
1.51823
2.64849
2.23792
2.48876
2.33224
2.41334
2.01048
2.74028
2.55991
1.99801
2.48279
2.19588
2.41309
2.58733
2.2338
2.66505
1.5285
1.36137
2.06292
2.25682
1.99492
2.01246
1.124
2.02169
2.6624
2.56311
2.4944
2.34704
2.3562
2.58627
2.97691
1.90898
1.39756
2.5327
2.60911
2.16981
1.89651
1.72429
0.1
3.09504
2.96635
2.52211
1.56175
0.594629
2.30792
2.08889
2.00448
1.44308
2.7192
2.83178
1.74801
2.27023
1.97405
1.60758
2.926
1.4318
2.61305
2.04488
2.24188
2.65788
1.79398
1.2649
2.08888
1.84628
3.4668
2.28349
2.15455
2.0478
2.44292
2.82775
1.64654
1.70505
3.36717
2.56466
2.10707
1.73272
2.0368
2.42236
2.32328
1.84675
2.5851
2.69672
1.32556
2.58784
2.4451
1.64655
2.75603
2.70294
2.70929
2.50059
2.63532
2.17712
2.18967
3.17897
1.50684
2.65149
2.72853
1.81058
2.01887
1.45814
1.35425
2.85863
2.57476
2.81544
2.37338
2.34512
2.10344
2.86404
2.34761
2.21492
1.87006
2.2615
2.69489
2.52918
2.09735
2.86891
1.60044
1.25106
2.26685
2.80281
1.96248
2.58072
1.76124
1.64691
2.55168
2.9675
2.34919
2.34415
2.97193
2.97693
2.55324
3.67036
2.78154
1.58157
2.81226
2.21508
2.09074
2.95825
3.22621
0.1
2.58153
1.95278
2.69939
2.82481
2.53932
2.60935
2.48474
2.38722
2.85987
0.90603
3.06607
3.09297
2.26969
3.32478
3.21005
3.2176
2.58621
3.05697
3.22633
3.49015
2.66507
3.32186
2.38866
2.19922
2.94413
1.85086
3.16483
2.01017
2.66808
3.53893
2.69373
3.17774
1.36772
2.34997
3.30728
2.06515
2.72931
2.66617
1.99527
3.35864
2.84144
3.25051
2.26629
2.6453
3.65972
3.63838
2.91991
2.48777
2.42709
2.64831
2.13519
3.17193
2.87432
2.49003
3.52706
1.88494
2.93748
3.16188
2.37622
1.72258
2.2976
2.06448
2.32925
2.24156
1.64823
2.69604
2.61934
1.06893
2.72085
2.24574
3.25883
2.37388
1.87918
2.14486
2.51759
1.74944
2.40767
1.81455
2.56625
2.98729
2.4246
3.09951
2.50495
2.66455
2.52025
2.57593
2.93126
2.83566
3.19213
2.32943
2.06594
3.80641
2.59974
2.59197
3.35192
2.66993
1.44239
2.62958
3.24367
2.70775
0.1
2.43209
2.50661
2.80443
2.97942
2.71253
2.79412
2.07142
3.12314
2.54358
2.7663
2.50823
2.60391
3.14511
2.40818
3.0434
1.30594
2.53543
2.79161
3.0905
3.05842
3.38252
2.64594
2.2889
2.41019
2.1385
2.92693
2.1631
2.66866
3.339
2.66363
2.92816
2.82478
1.69197
3.04211
1.79957
2.37242
3.11674
1.35169
3.01161
3.2458
3.3565
2.30668
2.51417
3.31828
3.84616
3.43048
1.467
1.18715
2.1348
2.85702
2.70751
3.37193
2.75755
3.42541
1.96205
2.51111
3.20077
2.46309
1.55453
2.38005
2.39962
2.04176
1.72881
2.42125
2.87879
2.49691
2.33892
3.06854
2.18061
3.5474
2.59609
1.66587
2.93464
2.78033
2.07066
2.46201
1.93434
2.33696
1.83808
2.63617
2.36976
2.19099
2.89935
2.98123
1.03205
3.23765
2.96976
2.85519
2.28616
2.10213
2.97377
2.37944
1.84184
1.92504
1.66123
1.70386
2.41922
2.71704
2.01815
2.39686
0.1
2.40714
2.37642
2.51848
1.87736
1.73558
2.01225
1.86999
1.87956
2.61956
2.53002
1.98982
2.82759
2.65098
2.6747
2.26942
2.64275
2.91204
3.27333
2.28348
2.80755
2.35792
1.86259
2.5001
1.96961
2.39811
1.75658
2.63374
3.38658
2.36835
2.54558
2.42306
1.92216
2.98319
1.58325
2.05989
2.7012
1.73383
2.89923
2.13411
3.17591
2.0586
2.57462
2.96279
2.99643
2.99401
2.12068
2.09918
2.53292
2.34915
2.63792
2.70422
1.2869
2.94459
1.41199
2.67797
2.41418
1.56036
1.5281
1.75924
1.27031
1.59
2.2249
1.07927
2.6623
2.49153
1.91082
2.7176
2.10601
2.93196
1.53338
1.73435
1.57008
2.43277
2.10684
1.90742
1.61429
2.45885
2.67911
2.17218
2.50416
1.93653
2.12806
2.63473
2.45276
2.17505
2.67197
2.16648
2.64022
2.97501
2.87413
1.60256
2.67131
3.11186
2.47185
1.88583
1.77491
1.94123
3.22781
2.85664
2.78349
0.1
1.63413
2.31705
2.56111
2.51672
1.2783
3.1979
2.9482
1.81875
2.1565
2.12754
1.98834
2.99418
1.95083
2.48194
1.70793
1.41501
1.86887
2.38892
2.22921
1.96622
1.89159
3.43733
2.20225
2.58072
2.06625
2.10141
2.14263
1.46723
2.05705
3.42696
2.54167
1.01279
1.78282
2.25152
2.41653
2.27931
1.58051
3.11828
2.30984
1.18065
2.28388
2.82379
2.74862
2.71877
2.63456
2.67646
2.11132
2.66971
1.97567
2.50761
3.44261
2.25729
2.76795
2.41594
2.47133
2.36029
1.29437
1.90901
3.07496
2.73665
2.6911
2.62802
2.10538
1.6317
2.9329
2.27115
2.0435
2.26472
2.65795
2.72527
2.89906
2.00358
2.83132
1.87746
1.30061
1.85224
2.52574
1.99612
2.63412
1.90199
2.3184
2.47795
2.81352
2.95222
2.13392
2.34581
2.52866
2.93569
1.98428
1.35843
2.53456
2.62056
2.16932
1.86022
1.62928
0.672213
3.09258
2.92678
2.51627
1.49813
0.1
2.31387
2.09669
2.02148
1.36851
2.72503
2.82919
1.69598
2.19052
1.96743
1.57369
2.88514
1.3675
2.56722
1.96989
2.16887
2.60043
1.86521
1.37712
2.0831
1.81763
3.41867
2.26567
2.11828
2.02356
2.41259
2.77957
1.5959
1.61302
3.35994
2.52418
2.03455
1.69115
1.98934
2.43591
2.29018
1.75746
2.61291
2.67348
1.31212
2.5482
2.41225
1.77093
2.76605
2.65955
2.67267
2.45329
2.63526
2.08631
2.23862
3.16241
1.50136
2.63172
2.67105
1.78923
2.00225
1.42307
1.37153
2.84676
2.5492
2.78039
2.37662
2.33024
2.0658
2.85501
2.35536
2.17988
1.92389
2.26573
2.6706
2.54397
2.09176
2.84829
1.56928
1.24123
2.22511
2.7447
1.94471
2.53007
1.70464
1.70387
2.552
2.9266
2.37948
2.31651
1.40656
2.98806
2.89945
3.17441
2.32529
1.91913
2.75566
2.06521
2.15936
2.5238
2.48844
2.62734
2.93879
2.52095
2.00692
2.18769
0.1
2.64669
2.40297
2.01368
3.14075
2.33325
2.63805
2.79988
1.56819
2.78381
3.38509
2.70243
2.72678
2.64569
2.55289
2.69483
2.17086
2.67338
0.987394
1.70612
3.31632
1.64683
3.01229
1.7441
1.77271
2.46917
1.8296
2.73593
2.76869
2.58417
2.42877
1.96189
2.64009
1.25094
2.26493
2.76063
2.99972
1.86146
1.43132
2.06446
3.44421
2.96171
1.33297
2.73455
2.78714
2.29149
1.56149
2.70864
1.76106
3.24006
2.95238
2.58378
2.52088
2.72443
2.35521
1.39601
2.0536
2.86202
2.75928
2.52908
2.22696
1.39427
1.78558
2.41839
1.27903
1.82704
2.03833
2.60538
2.55192
2.39877
1.02074
2.42362
1.94173
1.10421
1.93788
2.92545
1.52601
3.11803
2.30941
2.34674
1.21146
2.86869
2.91772
1.61975
3.02538
2.37445
2.76552
2.17629
2.01851
2.46715
2.23093
2.08696
1.72526
2.19221
2.3486
2.81629
2.79112
1.9596
2.31281
2.06753
2.76087
0.1
1.46763
1.86357
1.39803
2.62693
2.24106
2.47427
2.26572
2.35704
2.51146
2.19721
2.50762
2.47019
2.88556
3.31873
2.01741
2.30701
2.55769
2.11237
3.27485
2.41803
1.72873
2.1692
2.89886
3.54166
2.38639
2.16936
3.18113
2.38597
2.94321
1.71433
1.77838
2.88971
2.18145
2.61079
1.53721
3.37661
2.02714
2.93114
2.23763
2.41899
3.24691
2.53433
2.43913
2.78899
2.81934
2.60133
2.72338
2.44938
2.36731
2.23415
3.03034
2.03378
1.62811
1.68557
1.23756
2.23093
2.00635
2.77321
1.96648
2.87792
2.63364
2.65262
2.87879
2.45957
2.83345
1.18934
2.40409
2.15227
2.62205
2.76367
1.92673
1.68323
2.67648
2.87749
2.39693
2.31145
1.78164
1.57765
2.93722
2.86982
1.272
2.91464
2.6637
2.34429
2.56036
2.14852
2.02842
2.09856
1.40231
1.54141
1.778
2.10764
2.14359
2.55036
2.73415
1.7237
2.16192
1.89654
2.38383
1.39708
0.1
1.80518
1.67093
2.34135
2.29133
2.39752
1.83091
2.37555
2.7247
2.19306
2.47619
2.44996
2.7373
3.13468
1.71769
2.19639
2.24847
1.76542
3.01411
2.13634
1.97702
1.83778
2.61162
3.25892
2.09839
2.10398
2.90685
2.25314
2.73459
1.57033
1.86642
2.55595
2.0592
2.56096
1.71388
3.03587
1.81237
2.64088
2.56331
2.15964
2.87105
2.43861
2.42803
2.60411
2.43649
2.44302
2.34481
2.318
2.36851
2.10175
2.75662
1.69038
1.28951
1.51311
1.12696
2.13716
2.02765
2.57845
1.6494
2.56103
2.39905
2.41243
2.55959
2.17963
2.45352
1.36956
2.27316
1.64125
2.28321
2.53751
1.56178
1.42307
2.4489
2.80649
2.007
2.47701
1.73498
1.41137
2.59295
2.77346
1.44809
2.54316
2.54015
2.08197
2.65958
2.6743
1.47482
2.64231
2.89722
2.34406
1.52836
1.00631
1.96059
3.12374
2.58213
2.54491
1.39649
1.63117
2.54424
2.25653
2.29756
0.1
2.85741
2.86819
1.54242
1.45119
2.15092
1.83146
2.51446
1.658
2.15027
1.20714
1.68804
2.28983
2.39998
2.21181
2.22524
1.83516
3.10094
2.226
2.04501
1.99114
2.34375
2.62849
1.71125
1.45584
3.3543
2.22508
1.81841
1.45237
1.7092
2.68745
2.04213
1.37171
2.87931
2.74403
1.56242
2.3712
2.30852
2.66744
3.00799
2.30718
2.35413
2.11901
2.76175
1.34769
2.72125
3.09698
2.06055
2.51344
2.31988
2.1444
2.05386
1.24812
1.70006
2.79587
2.37689
2.53359
2.47376
2.42026
1.96005
2.8316
2.58525
2.039
2.56978
2.37458
2.5005
2.76023
2.27184
2.7307
1.72086
1.4219
2.01898
2.20697
2.08865
2.07711
1.37343
2.18861
2.70247
2.57994
2.69788
2.38402
3.04492
2.37233
2.60972
2.54494
2.21046
2.3084
2.0836
1.97831
1.72689
2.34462
2.55901
2.58222
2.68787
1.63596
2.41502
2.24857
2.74021
1.17429
1.47254
1.97382
0.1
2.42107
2.44135
2.55872
2.23229
2.60166
2.53786
2.44935
2.4593
2.59702
2.97533
3.38759
2.12069
2.55956
2.55197
2.092
3.09953
2.33179
2.02681
2.09852
2.88492
3.58151
2.45479
2.38201
2.96951
2.27645
3.04382
1.7086
1.90181
2.88058
2.07507
2.79265
1.475
3.39375
2.09526
2.89171
2.55936
2.69596
3.22459
2.43585
2.33526
2.77189
2.72108
2.69287
2.75918
2.07297
2.66107
2.00128
2.99815
2.23032
1.57519
1.68264
1.47656
1.90053
1.80969
2.65294
1.70617
2.87651
2.6568
2.45121
2.88415
2.41314
2.93613
0.413976
2.22017
1.92641
2.62377
2.6029
1.97501
1.70736
2.6748
2.8647
2.38948
2.38946
1.87989
1.80184
2.89656
2.77219
1.50821
2.91472
2.81625
2.90655
2.47039
3.57936
2.71417
1.34511
2.69068
2.08123
2.06228
2.86818
3.11957
0.955892
2.56271
1.92137
2.60613
2.73132
2.38298
2.57221
2.41045
2.31695
2.83344
0.1
2.998
3.00317
2.11894
3.24441
3.19454
3.13346
2.54678
2.98043
3.12152
3.37566
2.58161
3.22876
2.2536
2.07034
2.83643
1.69848
3.10076
1.87083
2.52959
3.39404
2.57142
3.08472
1.39074
2.28722
3.1865
1.99237
2.6696
2.53019
1.94539
3.26726
2.81679
3.093
2.17161
2.50192
3.60275
3.52777
2.7626
2.43688
2.41478
2.54917
1.93825
3.06369
2.74698
2.48464
3.43746
1.88252
2.80043
3.05345
2.29706
1.64053
2.23494
2.09418
2.31734
2.16344
1.59426
2.55241
2.50297
1.07256
2.58689
2.11194
3.1207
2.34951
1.87452
2.04779
2.37424
1.67713
2.29782
1.71881
2.45075
2.92151
2.27599
3.05934
2.43402
2.59528
2.36665
2.54066
2.88232
2.6729
2.94605
2.64509
3.22523
2.60551
0.938
2.99954
3.29373
2.73753
1.80519
1.78564
2.06533
3.48231
2.99433
2.87713
1.72804
1.7582
2.89475
2.35685
2.53369
1.34154
3.0698
3.22133
0.1
2.24685
2.56828
1.27478
2.6913
1.45005
2.57261
1.6172
2.21086
2.70098
2.47877
2.08823
2.56345
2.31284
3.77052
2.62792
2.21442
2.45109
2.80158
3.13293
2.19921
1.90408
3.75076
2.72083
2.32052
1.92046
2.06156
2.96558
2.46021
1.38388
2.98184
3.18776
1.79959
2.91773
2.04323
2.71601
3.34451
2.79551
2.72714
2.62349
3.15122
2.29832
2.92479
3.50857
1.76196
2.88673
3.00579
2.51582
2.42005
1.65945
1.80778
3.13275
2.71924
3.01775
2.77296
2.80966
2.38629
3.19472
2.86964
2.54761
2.80472
2.56146
2.88896
3.07865
2.63657
3.14653
2.16943
1.71375
2.49976
2.72521
2.54469
2.33121
1.86266
2.23457
3.05404
3.02383
2.79994
2.89534
2.61542
1.51946
2.24554
2.82185
1.78626
2.50247
2.74053
2.20215
1.23997
1.28525
2.23669
2.92334
2.26102
2.31409
1.70835
1.89338
2.55794
2.16789
2.20847
1.05649
2.6786
2.68594
1.87295
0.1
2.08638
2.17598
2.25731
1.99107
1.80242
1.52366
1.93135
2.4553
2.46763
2.45744
2.25272
1.72097
2.63458
2.09155
1.95282
1.81906
2.32453
2.73363
1.84137
1.64163
3.14834
1.83088
2.11571
1.11033
1.43851
2.7322
1.72891
1.91567
2.79447
2.81966
1.71967
2.24734
2.3758
2.83911
3.0393
1.90916
2.01892
1.98508
2.67362
1.12793
2.8053
2.76648
2.3679
2.22323
2.07104
2.14162
1.85261
1.13734
1.72005
2.5222
2.05422
2.24702
2.3008
2.45511
2.01496
2.62667
2.64909
1.88226
2.7418
2.22213
2.21022
2.61608
2.30815
2.50087
1.66669
1.45718
1.97972
1.88108
2.05652
1.78826
1.08284
2.23957
2.69339
2.27071
2.64004
2.38786
1.8579
2.44871
2.37587
2.75981
2.11832
1.69761
2.02568
1.35262
1.86218
2.10876
2.17656
2.40205
2.62754
2.03735
1.88536
1.90305
1.60373
2.22217
1.88759
1.74289
2.6159
2.12226
2.39475
2.3352
0.1
2.52536
2.98925
2.37424
2.39811
2.37805
2.39195
2.6791
1.97412
2.40871
1.55264
1.03872
2.72346
1.54244
2.51199
1.18482
1.90964
2.58162
1.55684
2.26645
2.62339
2.13986
2.30167
1.52022
2.17262
1.96224
1.9176
2.50424
2.59219
2.25097
1.43887
1.94066
3.0253
2.5651
2.16704
2.32931
2.43724
2.15082
1.72747
2.23967
1.97989
2.67103
2.62422
2.16718
2.15366
2.10489
1.76829
1.14267
1.68311
2.41289
2.30003
2.23813
1.82179
1.82752
1.83382
2.20049
1.94923
1.53316
2.04229
2.16161
2.20152
1.91247
1.51212
2.20959
1.32782
0.87008
1.88876
2.61153
0.944404
2.70334
1.86459
2.01098
1.88897
2.5818
2.47013
1.61096
2.82509
2.72191
3.24702
2.23103
0.628829
2.9068
3.12529
2.61705
1.90249
1.82746
1.72
3.41609
3.08032
2.81038
1.7112
1.47857
2.76423
2.24407
2.37777
1.44269
2.96055
3.15388
1.15666
2.36438
2.45139
0.1
2.84092
1.11967
2.68337
1.88574
2.31551
2.77354
2.23106
1.65023
2.46821
2.24316
3.79344
2.58913
2.18438
2.39942
2.76822
3.12496
2.10354
1.85177
3.69625
2.76151
2.32381
1.92944
2.10159
2.82963
2.49573
1.57558
2.8228
3.1052
1.68444
2.90974
2.1135
2.32531
3.20556
2.86213
2.80551
2.68284
3.05063
2.36911
2.7052
3.46648
1.21592
2.87658
3.03444
2.32946
2.33799
1.66077
1.63758
3.09773
2.73261
3.04679
2.68587
2.727
2.36942
3.15162
2.74292
2.52887
2.54458
2.47049
2.9003
2.94168
2.52604
3.13551
2.06106
1.6206
2.51176
2.86897
2.43915
2.49665
1.88983
1.9942
2.95031
3.10464
2.61643
2.8074
3.46572
2.19749
2.75011
3.39537
2.28484
2.96464
3.36788
2.81407
1.14367
2.40302
3.03906
3.19864
2.28816
2.55563
2.49575
2.62631
3.25981
2.31913
2.64519
1.91727
2.80073
3.01177
2.36267
2.3792
2.81407
2.75536
0.1
2.66826
1.93469
2.30438
2.87247
3.31082
2.94246
3.09088
2.92153
2.50196
3.27059
2.63564
2.35027
2.49593
3.09432
3.69932
2.76156
2.60449
3.46966
2.25112
3.12149
1.85302
1.94051
3.37282
2.03949
2.74285
2.9416
3.71258
2.35975
3.0597
2.49577
3.56278
3.75755
2.21999
1.90731
2.68089
3.27874
2.68128
3.45665
2.90994
3.01523
2.3646
3.06858
2.98242
2.37944
1.77801
2.1399
2.57733
2.02032
2.67705
2.59161
3.20813
2.78531
2.90379
3.31828
2.6307
3.56852
2.34203
2.36065
3.04534
3.03845
2.84325
2.48052
2.03576
2.74211
2.358
2.86502
1.4237
1.96567
2.65717
3.34799
2.45836
2.90484
3.30002
2.69805
2.47235
3.01665
2.02922
0.994544
2.74094
2.85324
2.3979
1.775
1.53992
1.50375
3.24421
2.92523
2.60909
1.64835
1.26218
2.63356
2.05352
2.15458
1.28356
2.73503
2.98927
1.29122
2.12326
2.26213
1.09973
2.69996
0.1
2.53252
1.80204
2.23189
2.71673
2.11574
1.57345
2.3591
2.04866
3.52869
2.44636
1.89792
2.21595
2.64285
3.02026
1.93284
1.46079
3.52473
2.56383
2.22716
1.73399
1.85489
2.73475
2.33364
1.55144
2.6498
2.9893
1.60908
2.7494
1.982
2.11047
3.09181
2.67516
2.64679
2.55537
2.89611
2.11569
2.60024
3.22397
1.06644
2.69046
2.83215
1.98257
2.09321
1.5364
1.42792
2.89961
2.53557
2.87593
2.50858
2.61354
2.26842
2.99002
2.65466
2.36305
2.42208
2.27958
2.72926
2.73728
2.40201
2.9738
1.82226
1.49942
2.39102
2.71823
2.25641
2.32836
1.64271
1.83306
2.83151
2.94969
2.41935
2.6408
3.06123
1.94093
2.02803
3.56078
2.37107
2.62248
3.22148
2.57431
1.12698
2.31194
3.00022
2.8488
1.37026
2.41794
2.28744
2.58336
2.90315
2.55918
2.65717
1.81245
3.00032
2.65448
2.49622
2.09796
2.49551
2.87711
2.13729
2.76659
0.1
2.20002
2.50566
2.85711
2.93198
3.15243
2.56425
2.15026
2.38608
2.1524
2.63922
2.07794
2.57388
3.14912
2.46274
2.61348
3.01014
1.56795
2.77792
1.5828
2.07874
3.05074
1.37065
2.70013
3.13933
3.22316
2.1634
2.42089
3.00648
3.60735
3.36752
1.32075
1.26724
1.99882
2.8581
2.33881
3.26153
2.75936
3.1477
2.04879
2.31014
2.94699
2.30012
1.42033
2.2169
2.45052
1.96982
1.88599
2.42583
2.78267
2.35223
2.49776
2.98655
2.08508
3.36747
2.49332
1.87006
2.89068
2.67939
2.26796
2.27601
1.82593
2.20502
1.35717
2.50577
1.99576
1.90891
2.74326
2.94198
1.47567
3.08992
2.82995
2.78121
2.30527
2.87183
3.00864
1.58186
2.86698
3.26725
2.64816
1.56154
1.58438
2.31501
3.32341
2.62715
2.77883
1.55463
1.95602
2.77927
2.48752
2.59406
1.00809
3.12681
3.06557
1.54921
1.74874
2.44177
1.99395
2.51294
1.94094
2.17089
0.1
1.67312
2.26222
2.65489
2.49293
2.41804
2.12094
3.34682
2.39785
2.32705
2.23519
2.50488
2.75096
2.02865
1.93614
3.54289
2.38953
1.98822
1.69209
1.9566
2.88738
2.1665
1.45445
3.12813
2.94193
1.75503
2.5486
2.43567
3.04001
3.22881
2.4258
2.41994
2.17627
2.98783
1.80709
2.98043
3.35043
2.33467
2.69135
2.52895
2.57863
2.3547
1.41047
1.95743
2.99884
2.55014
2.66309
2.69819
2.6107
2.09346
3.00613
2.77641
2.24134
2.88129
2.6024
2.64339
3.04293
2.49531
2.88118
2.07322
1.63416
2.13699
2.17392
2.37998
2.10266
1.68745
2.45214
2.90081
2.62923
2.97453
2.65126
2.36747
2.56658
2.88138
3.20138
1.82589
2.74005
3.29383
2.60235
1.7929
1.88046
2.35244
3.2486
2.67981
2.83655
1.19634
1.99616
2.4845
2.69192
2.68529
1.30475
3.31906
2.97385
1.96238
2.0566
2.27584
2.26956
2.90261
2.2288
2.29101
1.55186
0.1
1.49489
2.64918
2.59513
2.09257
1.97677
3.32136
2.18389
2.69568
2.09575
2.06447
2.04105
1.74421
2.24271
3.41841
2.4382
1.30062
1.77104
2.28176
2.58925
2.17622
1.78729
3.28118
2.41551
1.49943
2.17417
2.93857
3.12956
2.88495
2.49111
2.54435
1.83894
2.75004
1.92219
2.79139
3.46384
2.58628
2.74091
2.23631
2.71368
2.46008
1.24144
2.0879
3.08734
2.71347
2.55357
2.70108
2.20391
1.58566
2.92269
2.446
1.99019
2.6683
2.75851
2.65608
3.03311
2.16691
2.7627
2.0445
1.46672
1.68931
2.23185
2.1477
2.55031
1.93495
2.55123
2.58114
2.61901
3.14049
2.25338
2.35549
2.92195
3.11222
3.5327
2.10137
2.83435
3.56852
2.80608
2.00737
2.31117
2.66022
3.3511
2.82904
3.04044
1.50513
2.28198
2.50127
2.95201
2.93245
1.68442
3.60409
3.06665
2.28539
2.49432
2.43095
2.59248
3.19036
2.58744
2.49094
2.00009
1.42651
0.1
2.82313
2.8728
2.06655
2.16699
3.57421
2.21764
3.06376
2.24803
1.97038
1.71518
1.97721
2.6617
3.4855
2.65766
1.65422
2.02132
2.61848
2.55303
2.33671
2.2268
3.52695
2.27676
1.59234
2.19061
3.31528
3.44329
2.83519
2.70316
2.73367
1.83669
2.78297
2.4014
2.87601
3.72271
2.93453
2.92211
2.41994
3.07174
2.72756
1.38546
2.32339
3.29393
2.95266
2.65656
2.86322
2.12961
1.47777
3.01044
2.38922
2.09248
2.82062
2.9962
2.80438
3.22486
2.17908
2.83237
2.30561
1.5793
1.63172
2.44623
2.29478
2.88211
2.266
2.78091
2.53473
2.74206
3.40986
2.31722
2.58519
2.98481
3.18628
2.08243
2.04219
2.35751
2.395
2.09119
2.15174
2.43335
2.04329
2.91523
3.18949
2.41606
2.18659
1.86409
2.29449
2.04454
1.82945
2.00795
2.56769
2.672
2.38849
2.85534
2.03971
2.37491
3.23052
2.29441
2.91134
2.67178
2.87791
3.21633
0.1
1.94179
2.20083
2.07643
3.71231
2.35535
2.56348
2.18925
2.7101
3.31578
2.18353
2.47128
3.23701
2.79349
2.79967
2.02222
2.42589
2.3559
2.49967
2.66933
2.20852
3.00137
1.71355
2.87636
2.92309
1.85105
2.70223
2.95668
2.91408
2.84977
2.53694
2.84105
1.84287
3.14373
2.36427
2.6754
3.13333
2.26614
2.12976
1.7185
1.48686
2.79411
2.68058
2.99281
2.17052
2.53923
2.46795
2.77238
2.37741
2.45489
2.03874
2.13994
2.76405
2.19478
2.23366
2.90396
1.93833
1.4524
2.60793
3.21167
2.16203
2.97745
2.20143
1.34801
2.54171
3.20275
2.04842
2.6352
2.61872
2.79358
3.19992
1.62248
1.40527
2.68206
2.77316
2.35554
2.00368
1.99573
1.27972
3.22538
3.13062
2.63746
1.81329
1.22478
2.50911
2.07661
2.0784
1.6455
2.75264
2.96624
1.78838
2.5244
2.21038
1.56079
3.0119
1.51581
2.77848
2.228
2.50277
2.90498
1.72548
0.1
2.29005
2.09744
3.7339
2.4699
2.23552
2.26608
2.68615
3.12072
1.98842
1.96625
3.51997
2.75634
2.4184
1.91907
2.17862
2.57733
2.48689
2.04625
2.53705
2.96749
1.55122
2.84861
2.41301
1.49337
2.9406
2.89084
2.85278
2.72572
2.82017
2.4913
2.28866
3.32092
1.36472
2.78909
3.0248
2.06192
2.17583
1.64259
1.37814
2.9707
2.69629
3.01483
2.47698
2.57478
2.34224
3.00382
2.51888
2.45256
2.09206
2.29556
2.84335
2.63981
2.3228
3.03933
1.87766
1.45839
2.50373
3.00887
2.23327
2.69648
1.95169
1.54223
2.7383
3.14715
2.29985
2.64133
1.02194
2.97361
2.90236
3.26144
2.29846
2.08472
2.92364
2.20206
2.14011
2.48248
2.50354
2.74825
2.9029
2.62442
1.89311
2.18919
1.09372
2.72689
2.51993
1.95837
3.25336
2.4532
2.5983
2.74138
1.68573
2.76429
3.37518
2.69178
2.67872
2.55979
2.38997
2.47451
2.31473
2.71294
0.1
1.71759
3.31272
1.63666
3.041
1.76762
1.49133
2.15281
1.73974
2.72368
2.86433
2.573
2.25222
1.95537
2.64635
1.38826
2.25168
2.68242
3.13069
1.41884
1.34936
1.89393
3.45383
3.06011
1.46332
2.70814
2.77235
2.13939
1.75008
2.63226
1.98303
3.33452
2.96117
2.63724
2.39288
2.78596
2.42563
1.32769
2.11498
2.94723
2.79935
2.49254
2.35644
0.917651
1.53933
2.50059
1.22933
1.74246
2.12006
2.6994
2.57758
2.57704
0.774009
2.44302
1.97673
1.1079
1.73551
2.83418
1.55094
3.0977
2.30066
2.44734
1.25571
2.81824
3.03928
1.39847
1.96687
2.16962
2.12856
2.77813
2.04284
1.86034
2.13012
1.478
1.70467
1.89182
2.1547
2.46456
2.44589
2.01865
1.77479
1.86096
1.84666
2.19359
1.92634
1.57503
2.59552
2.19541
2.28397
2.03783
1.09747
2.44696
2.8147
2.27636
2.18814
2.18724
2.19927
2.52848
2.12761
2.42
1.67381
0.1
2.43294
1.52904
2.36662
0.964139
1.84887
2.46764
1.43325
2.08177
2.67156
1.9067
2.14377
1.27285
1.98425
2.15633
1.73506
2.3533
2.64166
2.27371
1.45013
1.76693
2.89525
2.62822
2.37624
2.10078
2.26156
1.95262
1.93539
1.91547
2.23518
2.58325
2.56163
2.06875
1.81242
2.00935
1.66224
0.908945
1.66905
2.3562
2.1603
2.06656
1.8865
1.88982
1.73453
2.21864
2.1069
1.30764
2.21737
2.14366
2.08505
2.06347
1.65851
2.15045
1.1622
0.938136
1.73298
2.36283
1.06959
2.50365
1.65275
2.07173
2.05692
2.39475
2.50642
1.60361
2.67006
1.90553
0.704256
3.28726
2.35009
2.014
2.58213
1.97552
1.4494
2.24135
2.76887
2.25809
1.76546
1.85741
2.20443
2.39376
2.45677
2.32619
2.25204
1.81999
2.63162
2.05948
2.54408
2.13837
1.97492
2.82819
2.51586
2.68156
1.66528
2.36045
2.52821
2.85179
2.59991
2.94569
2.20746
1.66863
0.1
1.64026
2.53328
1.47275
2.25143
2.94859
2.17805
2.48549
2.42816
0.977183
2.66619
1.3056
2.02142
2.66556
0.820311
2.72063
2.80135
2.87566
1.96384
2.02373
3.05076
3.27089
2.92398
1.26802
1.61237
1.93503
2.29704
2.24739
2.85517
2.15128
3.02158
1.47087
1.92377
2.58848
1.87014
1.18718
1.99356
1.95699
1.70238
1.3695
1.87892
2.42879
2.15035
1.92619
2.63265
1.60616
2.99135
2.17623
1.33344
2.30154
2.29363
1.70062
1.89271
1.54922
2.00208
2.00217
2.03361
2.31349
1.80373
2.46471
2.5115
1.72853
2.75689
2.38766
2.15162
2.67263
2.26037
3.45766
2.47735
1.65319
2.76162
2.0172
1.93806
2.52483
2.81402
2.18669
2.41026
2.25196
2.1789
2.44743
1.87969
2.64937
2.4604
2.01315
3.05414
1.89869
2.73764
2.61518
1.72091
2.98075
3.12881
2.86935
2.31037
2.60888
2.56399
2.73012
2.54633
3.00829
1.68181
1.61218
2.52282
0.1
2.97911
1.3774
1.70344
2.58384
2.06171
2.78596
2.20072
2.08105
2.59418
1.75572
2.51506
2.13017
1.76828
2.87933
3.04982
2.30866
1.79814
1.55168
3.46107
3.34317
2.27237
2.2193
2.34469
1.89531
1.52552
2.58657
2.52479
2.83461
3.18845
2.12793
1.99996
2.83686
2.24831
1.21006
2.16482
2.4967
2.42138
1.78627
2.02997
1.86081
1.85179
1.87349
2.11702
1.3172
2.74267
2.52982
2.0051
2.35841
1.79335
1.66923
1.999
1.37997
1.73095
2.51117
1.72935
2.90345
2.20722
2.56766
1.81568
2.29393
3.0074
1.88544
2.89814
1.9436
2.61691
2.20694
1.69928
2.57329
2.49074
2.17298
1.45732
1.65688
2.10728
2.96926
2.61826
2.17767
2.02741
1.81788
2.73156
1.50564
1.80854
1.47194
2.10567
2.75274
1.83264
1.93861
2.22759
1.99598
2.21362
1.76711
2.249
2.01046
2.51217
2.9935
2.19987
2.16051
2.47961
1.98268
3.10061
2.3638
0.1
2.08304
2.7348
3.26682
2.15547
1.56116
3.28055
2.20419
2.60002
1.45807
1.14524
2.87483
2.04868
2.15447
2.24715
3.20315
1.88259
2.74358
1.68717
2.41448
3.22481
2.32599
2.27712
2.5478
2.84632
2.10584
2.77841
2.63506
2.02538
2.28103
2.75201
1.7978
1.63181
1.51731
1.26309
2.41508
1.99098
2.64598
2.1948
2.75865
2.42959
2.73822
2.82709
2.30335
2.76165
1.75513
2.38478
2.44342
2.53601
2.74788
1.75761
1.59526
2.46448
2.53925
2.29211
1.84128
1.27763
1.79981
2.90593
2.68838
2.02174
2.75519
2.10385
2.20078
1.91812
2.9891
2.19923
1.68426
2.19015
1.49106
1.70854
2.09445
2.40865
2.26877
2.32826
1.91763
1.95269
2.08731
1.90196
2.26927
2.02044
1.72084
2.62292
1.99814
2.4382
2.17062
1.26202
2.63705
2.8285
2.481
2.13008
2.32212
2.3493
2.64273
2.25988
2.63455
1.7353
0.971551
2.1605
1.31646
2.50536
0.1
1.85964
2.57747
1.71691
2.30424
2.45249
1.77664
2.34825
1.32811
2.08368
2.20606
1.59319
2.54812
2.69176
2.37159
1.62112
1.68866
3.03881
2.8715
2.40968
1.98501
2.16944
1.91944
1.80917
2.11333
2.36392
2.45315
2.77938
1.90818
1.76163
2.25872
1.73424
0.965811
1.80616
2.23141
2.09094
1.85398
1.78205
1.95233
1.82431
2.00832
2.17682
1.17648
2.45177
2.16572
1.9036
2.01819
1.76004
1.91467
1.46281
1.13632
1.75535
2.3364
1.3287
2.55403
1.78109
2.21233
2.04265
2.26406
2.5977
1.74684
1.66224
2.82286
2.70736
3.45363
2.32329
2.223
3.10263
2.34096
2.0176
2.41757
2.65988
2.78759
2.65815
2.66203
1.83838
2.30304
1.78969
2.80605
2.65832
1.87384
3.33948
2.50085
2.57827
2.56876
1.88505
2.81511
3.24476
2.73847
2.44149
2.40803
2.14158
2.14266
2.58864
2.8902
1.35662
1.7245
3.06726
1.50727
3.04541
1.72173
0.1
1.68985
1.78197
2.71634
2.85517
2.38624
2.10296
1.86633
2.59156
1.9681
2.07064
2.62479
3.27934
1.47247
1.5071
1.32267
3.45058
3.30656
2.10736
2.48633
2.58763
1.66225
1.99406
2.46211
2.46575
3.31762
3.05905
2.56686
1.96577
2.89037
2.46561
1.14493
2.21589
2.93378
2.7281
2.22034
2.44625
1.26881
1.13132
2.47692
1.82921
1.45598
2.53706
2.77058
2.44878
2.75288
1.49475
2.29252
2.04379
1.2756
1.14604
2.5126
1.7207
2.96754
2.23779
2.62646
1.73602
2.53658
3.19088
1.47118
1.85944
2.90473
2.96266
3.45711
2.1908
2.55884
3.33873
2.57996
2.04371
2.34935
2.59242
3.11145
2.79897
2.88064
1.58104
2.23443
2.10028
2.88468
2.79198
1.7706
3.48878
2.82376
2.42721
2.54391
2.14652
2.67497
3.26377
2.63451
2.51431
2.22725
1.78485
1.57294
2.66547
2.82637
1.6496
1.93851
3.38402
1.92407
3.06182
2.00943
1.42628
0.1
1.76371
2.67097
3.21952
2.56596
1.72506
1.9556
2.62038
2.1801
2.24658
2.40797
3.407
1.61412
1.41394
1.8151
3.39387
3.32004
2.3978
2.64335
2.7102
1.73647
2.41687
2.41774
2.59237
3.56377
2.95945
2.78824
2.20322
2.95682
2.60527
1.25245
2.25526
3.15381
2.87858
2.49541
2.6784
1.61073
0.848637
2.79008
1.9979
1.8115
2.5605
2.89758
2.67606
3.00113
1.76224
2.61921
2.14996
1.37404
1.274
2.52796
1.97789
2.96332
2.25727
2.67936
2.11373
2.69441
3.29742
1.84012
1.73345
2.43201
2.62523
2.69383
1.80478
2.26429
2.59795
1.99105
1.82385
1.74403
1.82326
2.86531
2.70107
2.43689
1.30829
1.55141
1.88022
2.3519
2.17405
1.3954
2.89169
2.58809
2.06122
2.07022
1.56416
2.17737
2.94797
2.03802
2.37828
1.98564
1.84136
2.18874
2.12347
2.17691
1.60982
1.36147
3.02034
1.85561
2.44232
1.61819
1.81383
2.12957
0.1
1.9634
3.06376
2.28032
1.58313
1.53873
2.10985
2.10549
2.05579
2.00297
2.84627
2.02472
1.00154
1.94155
2.8497
2.49161
2.35666
2.41972
2.519
2.00103
2.23642
1.8441
2.15725
3.06661
2.31414
2.47231
2.07322
2.09792
2.01245
1.04055
1.71071
2.75982
2.49382
2.42036
2.27674
1.77213
1.49546
2.60268
1.98735
1.65419
1.89073
2.39722
2.45817
2.47196
1.56925
2.52413
1.39611
0.816023
1.6782
2.47851
1.36283
2.60103
1.74508
2.09456
2.11934
2.64929
2.67829
1.54834
2.56992
2.00198
2.61246
2.19988
1.43386
2.52238
2.536
2.11473
1.54076
0.98621
1.6802
3.0033
2.63863
2.32833
1.63017
1.39632
2.49961
1.90162
1.93864
1.06
2.49348
2.75867
1.58873
1.64185
2.02518
1.70522
2.47083
1.37087
2.24352
1.68632
2.10597
2.62001
2.1366
1.91456
2.23823
1.758
3.06444
2.22746
1.57277
1.93061
2.4578
2.87038
1.7468
0.1
3.27433
2.20659
2.13189
1.36675
1.4291
2.65625
2.043
1.68895
2.53415
2.85228
1.58646
2.48701
2.02295
2.23146
2.98318
2.33092
2.35989
2.32122
2.69798
1.63221
2.57583
2.86396
1.73803
2.39397
2.47388
1.59184
1.73796
1.32358
1.32418
2.60949
2.21886
2.5749
2.2789
2.4777
2.12426
2.74947
2.58226
2.09163
2.42856
2.07095
2.44372
2.50263
2.26989
2.71136
1.48827
1.37286
2.19229
2.41903
2.02382
2.04728
1.14034
1.84033
2.69373
2.66143
2.30493
2.42474
2.97956
3.10406
2.64423
3.87579
2.86802
1.73279
3.09415
2.41133
2.15776
3.05937
3.35396
1.30849
2.5738
2.24085
2.73839
2.93244
2.55742
2.81622
2.70646
2.44916
3.14359
1.26013
3.1552
3.18322
2.36911
3.43726
3.32719
3.34033
2.61141
3.11379
3.24403
3.46865
2.82758
3.46407
2.37924
2.27823
3.02657
1.781
3.34147
2.0768
2.61171
3.49912
2.75242
3.31075
0.1
2.42381
3.33766
2.15637
2.86836
2.66506
2.0317
3.43764
3.10827
3.21653
2.30553
2.58973
3.82412
3.8324
2.90153
2.53622
2.47994
2.59179
2.11753
3.25553
2.97341
2.79633
3.66998
2.06966
2.93122
3.34745
2.56684
1.7395
2.44509
2.34526
2.50675
2.17618
1.96094
2.66685
2.59614
1.07586
2.71397
2.23746
3.36264
2.61055
1.9529
2.44469
2.52903
1.57639
2.52839
1.86479
2.52386
2.98918
2.49043
3.21379
2.61691
2.84094
2.47595
2.53516
3.17913
2.84741
2.76688
1.66041
0.996585
3.25526
2.29892
2.18274
2.65151
2.07529
1.27868
2.15914
2.75422
2.42131
1.66273
1.91624
2.1917
2.37637
2.5735
2.27822
2.26183
1.75531
2.59715
2.23029
2.46967
1.99455
2.08341
2.76959
2.32757
2.61996
1.46835
2.26577
2.49494
2.85168
2.63151
2.92492
2.30455
1.75416
1.30227
1.81498
2.41979
1.62278
2.35351
3.00605
2.20934
2.40465
2.613
0.1
2.66155
1.22864
1.88494
2.76877
0.78035
2.65273
2.7932
2.97324
1.99188
2.15053
2.92688
3.26536
3.04803
0.954115
1.42727
1.97047
2.46497
2.15986
2.93405
2.16563
2.96719
1.53224
2.00307
2.56088
1.85464
1.22151
1.97021
1.98364
1.57821
1.5591
1.97552
2.52948
2.20373
2.10033
2.7272
1.74122
3.04623
2.14927
1.43314
2.39861
2.39125
1.90655
1.91363
1.59773
2.06497
1.85882
2.13253
2.11732
1.6986
2.46079
2.64026
1.68159
2.73965
2.4964
2.06893
2.62494
2.90048
3.01672
1.76003
2.6221
3.12831
2.45941
1.87591
1.85337
2.10898
3.17571
2.78491
2.77135
0.820615
1.7869
2.25472
2.61869
2.55862
1.34067
3.23805
2.89513
1.96472
2.14934
2.08917
2.17271
3.0081
2.12158
2.42218
1.75872
1.24153
1.65438
2.45821
2.39182
1.88183
1.83862
3.34082
2.10779
2.661
1.99846
1.93407
1.88173
1.43165
2.16568
3.35393
2.48077
0.1
1.76246
2.29035
2.36721
2.21705
1.77998
3.17279
2.15067
1.20195
2.11767
2.93926
2.8897
2.64924
2.56817
2.62939
1.94966
2.59433
1.95684
2.5315
3.42322
2.44116
2.72986
2.25487
2.55102
2.37656
1.20932
1.97938
3.05524
2.72354
2.5902
2.61346
1.98456
1.43093
2.87205
2.21307
1.92376
2.3319
2.69007
2.66927
2.89755
1.92509
2.74622
1.88991
1.27973
1.66506
2.43581
1.93561
2.65593
1.93058
2.40167
2.39288
2.72558
3.01982
2.0031
2.51539
1.32949
1.7981
2.76369
1.96689
2.18817
2.29314
1.80542
1.30282
1.61476
2.27017
2.59926
2.15813
1.92508
1.87747
1.9433
2.38595
1.99779
1.92252
1.39899
2.37799
2.37262
2.12927
1.46999
1.8049
2.3629
2.33904
2.16215
1.80698
1.95817
2.21172
2.64882
2.32698
2.48619
2.13917
1.42694
2.13109
1.8686
1.95029
1.47811
2.24733
2.79713
1.81832
1.81353
2.84055
1.49566
2.30732
0.1
1.43692
2.60216
1.48062
2.24474
2.56636
2.76381
1.72665
2.11434
2.54141
2.75188
2.88412
1.69652
1.89319
2.00622
2.4156
1.57067
2.65711
2.31411
2.49211
1.87169
1.93259
1.94354
1.4431
1.05376
1.61258
2.16287
1.74691
2.01463
1.95835
2.36204
2.03146
2.32842
2.54726
1.67587
2.65224
1.96333
1.91777
2.24551
2.18201
2.23211
1.41136
1.35416
1.97196
2.02688
1.83517
1.97199
1.12959
2.11503
2.53161
2.16686
2.42595
2.24334
2.83502
1.47155
2.32749
2.53151
1.80355
2.49827
2.49924
2.11785
1.22589
1.54389
2.23298
2.87254
2.38038
2.09699
1.9835
1.91316
2.68542
1.73443
1.91311
1.3792
2.21443
2.65859
1.91213
1.59885
2.16019
2.15243
2.04864
1.93507
1.98662
1.89503
2.38448
2.86974
2.33424
2.36044
2.42063
1.86379
2.77192
2.23873
1.28078
1.94265
2.61053
3.13582
2.08764
1.58812
3.15931
1.92472
2.50934
1.20514
0.1
2.84912
1.82624
2.15144
2.42217
3.11002
1.87118
2.56879
1.98923
2.6514
3.18183
2.04069
2.0394
2.35815
2.7653
1.85215
2.82394
2.48596
2.25523
2.11319
2.50508
1.90546
1.56408
1.38798
1.46742
2.2996
1.79444
2.42667
2.14817
2.67881
2.32249
2.61999
2.79506
2.13821
2.81303
1.8381
2.19808
2.43826
2.47891
2.58493
1.69551
1.56185
2.31814
2.26473
2.20933
1.58897
0.951439
2.00617
2.84112
2.45003
2.24821
2.64744
1.70427
3.29931
3.24222
3.39685
2.45733
2.19206
3.12072
2.40938
2.34077
2.77656
2.69779
2.84938
3.17557
2.79273
2.16117
2.37833
1.29088
2.86126
2.66113
2.19593
3.41106
2.55861
2.7914
3.08945
1.98098
2.94352
3.61834
2.89871
2.95961
2.83894
2.74805
2.84113
2.30186
2.83646
1.2915
2.05625
3.71868
1.92607
3.27513
2.08822
2.01282
2.64744
2.1154
3.00344
2.98037
2.87177
2.63381
2.20869
2.89312
0.1
2.50756
2.94777
3.2101
2.02431
1.56661
2.37536
3.67094
3.1923
0.855863
3.01024
3.02177
2.51238
1.87779
3.01551
1.78734
3.56508
3.14518
2.84578
2.87106
3.04203
2.64473
1.60917
2.24399
3.12835
3.02038
2.79818
2.47316
1.60792
1.97433
2.64046
0.936012
2.1504
2.20785
2.83377
2.8001
2.68354
1.44394
2.66356
2.24854
1.36211
2.16122
3.1734
1.95448
3.36057
2.55558
2.52528
1.31099
3.10773
3.14522
2.05204
2.80937
1.9133
1.06893
3.40472
2.39631
2.17968
2.7852
2.17024
1.38103
2.30757
2.87919
2.37094
1.52913
1.9922
2.26759
2.48765
2.60253
2.40287
2.3843
1.85739
2.73105
2.18753
2.57708
2.1712
2.1528
2.88897
2.43224
2.75192
1.4776
2.36976
2.56907
2.89334
2.71773
3.04598
2.32686
1.83956
1.25265
1.77782
2.5944
1.67641
2.3556
3.03674
2.29728
2.56819
2.52605
0.894208
2.7444
1.39929
2.0617
2.79042
0.1
2.76886
2.90045
2.99979
2.04951
2.13915
3.0812
3.40891
3.06461
0.959496
1.39971
1.94962
2.45745
2.32056
2.99563
2.25929
3.10484
1.5339
2.03767
2.73021
2.0093
1.27012
2.08095
2.02836
1.70519
1.34757
2.02048
2.54845
2.23094
2.02476
2.75166
1.75481
3.13669
2.26209
1.3032
2.47188
2.42614
1.76909
2.03717
1.65186
2.0726
1.87874
2.19969
2.26206
1.86298
2.56852
2.64241
1.51169
2.86514
2.54247
2.64728
2.52687
3.04793
2.69274
1.16537
2.84969
3.17796
2.59387
1.76782
1.54996
1.92326
3.35712
2.86969
2.80348
1.32557
1.60663
2.66696
2.41819
2.49404
1.05503
3.09212
3.08987
1.22192
2.02498
2.3652
1.53347
2.75139
1.53792
2.45045
1.33983
1.77425
2.31754
2.43953
2.10602
2.33062
2.09938
3.54919
2.43366
2.29451
2.25608
2.51132
2.73597
1.88319
1.78479
3.5961
2.57341
1.85199
1.78427
2.04406
2.75693
2.3277
0.1
3.02897
2.85032
1.56657
2.62726
2.36783
2.69206
3.10414
2.65103
2.64016
2.35676
2.94815
1.97213
2.76463
3.43106
1.90793
2.79355
2.69196
2.40995
2.33825
1.46893
1.81422
3.07049
2.67153
2.8299
2.69005
2.53516
2.08285
3.06285
2.64355
2.30472
2.58455
2.5745
2.77566
2.98267
2.3887
2.98331
1.98638
1.5365
2.21057
2.53235
2.30142
2.36421
1.76067
2.2543
2.8264
2.86948
2.84686
2.58292
3.1349
2.77255
2.99584
2.45512
2.26629
2.42972
2.30968
2.17068
1.97116
2.55459
2.60215
2.74428
2.98808
1.99473
2.51904
2.30598
2.79992
1.3779
1.61353
2.12651
1.57568
2.5743
2.53665
2.85529
2.36565
2.65358
2.85104
2.53818
2.75207
2.77918
3.147
3.54734
1.9512
2.52334
2.62716
2.27654
3.53097
2.49041
2.31264
2.30268
3.03094
3.74266
2.58444
2.58914
3.1413
2.61813
3.19098
1.96991
2.22342
2.90054
2.35582
2.92657
0.1
3.51035
2.14773
3.09442
2.72055
2.62765
3.26414
2.77251
2.65129
2.97907
2.82212
2.96135
2.69992
2.57493
2.69806
2.34173
3.27211
2.43002
1.93038
1.83126
1.53107
2.2827
2.24196
2.92516
1.89736
2.97513
2.78816
2.63828
2.91841
2.61298
2.93178
1.34942
2.51754
2.04015
2.70399
2.82724
2.155
1.78127
2.8418
3.1528
2.52752
2.70603
2.14447
1.66502
2.96635
3.06064
1.23272
3.06106
1.25295
3.00129
2.98373
3.37926
2.2663
2.33949
3.16689
2.4195
2.13679
2.4616
2.55121
2.94967
2.90339
2.78811
1.75703
2.21775
1.63506
2.83845
2.68429
1.90606
3.41177
2.65608
2.54809
2.70748
1.93188
2.74286
3.38027
2.69069
2.65516
2.45688
2.17812
2.15253
2.49045
2.77355
1.12548
1.84352
3.40576
1.77485
3.09814
1.90831
1.28264
1.6649
1.73017
2.73878
3.05441
2.61889
2.03335
1.99365
2.68171
1.72175
2.28989
2.58823
3.29806
0.1
1.31498
1.83643
3.47275
3.19943
1.86979
2.72972
2.79258
1.99649
2.08844
2.58563
2.25839
3.49763
2.98178
2.75152
2.34252
2.90343
2.55174
1.31039
2.20599
3.09072
2.88544
2.52892
2.54503
0.909665
1.20689
2.66433
1.4986
1.78213
2.29174
2.8325
2.6641
2.81752
1.27806
2.55039
2.08464
1.2254
1.53276
2.75497
1.76199
3.0921
2.32278
2.57818
1.64761
2.80716
3.19784
1.51976
1.62614
2.8053
2.99685
2.779
1.83121
2.43446
2.88538
2.25924
2.03222
2.05786
1.85424
3.05656
2.96597
2.68431
1.32826
1.61104
1.85927
2.5314
2.37783
1.60996
3.12877
2.77058
2.13549
2.44844
1.82755
2.20668
3.19473
2.14676
2.64797
2.17456
2.00193
2.23007
2.10928
2.14797
1.57755
1.74044
3.45303
2.04861
2.70239
1.93266
1.93995
2.15793
1.26139
2.25688
3.25438
2.60502
1.67771
1.84782
2.39506
1.97238
2.32328
2.10783
2.99829
1.94333
0.1
2.21551
3.03369
2.53958
2.24912
2.73401
2.78154
2.23564
2.35412
2.28376
1.99878
3.38395
2.37164
2.73527
2.48381
2.40771
2.3048
1.32032
1.85304
3.01745
2.76993
2.69964
2.47591
1.7466
1.58947
2.79946
1.81794
1.96653
1.60671
2.59847
2.71355
2.67442
1.55053
2.749
1.76224
1.00117
1.87822
2.76992
1.67725
2.86675
2.04775
2.17277
2.10639
2.91585
2.83953
1.7797
1.98661
2.54383
2.32705
3.40603
2.31128
2.10681
2.94051
2.19487
1.84395
2.29762
2.66618
2.615
2.36977
2.46234
1.89068
2.30174
1.97286
2.68445
2.54345
1.79451
3.16653
2.34062
2.54051
2.34989
1.81338
2.79956
3.03524
2.69547
2.17338
2.31846
2.13458
2.25477
2.59942
2.89991
1.6298
1.56073
2.60671
1.30104
2.89044
1.48083
1.25297
2.03797
1.80558
2.60071
2.67862
2.06356
2.17952
1.66294
2.41309
2.19779
1.78069
2.59825
3.16727
1.9987
1.62793
0.1
3.32779
3.28977
2.37036
2.16248
2.32295
1.38755
1.99345
2.2668
2.58977
3.04417
3.03173
2.31472
1.45362
2.7693
2.29002
0.9383
2.14677
2.70368
2.48846
1.85654
2.29213
1.68817
1.39989
2.28396
2.10472
1.0135
2.66579
2.62474
2.17782
2.62101
1.72773
2.03222
1.93049
1.30348
1.09675
2.23169
1.68519
2.7641
2.07324
2.58406
1.96039
2.23037
3.0838
1.6297
3.1811
2.41589
3.06717
2.41813
1.5912
2.92344
3.05581
2.62045
1.63096
1.94922
2.31509
3.32284
2.87255
2.60337
2.14676
2.00338
3.02253
1.88513
2.26898
1.60728
2.57465
3.09497
1.63825
2.28328
2.596
1.8701
2.27557
1.7868
2.47911
2.03709
2.65068
3.13527
2.42749
2.25761
2.72483
2.34625
3.61644
2.65675
1.6339
2.44417
2.99869
3.50516
2.43375
1.94432
3.63361
2.58004
2.77989
1.83575
1.71923
3.11821
2.35341
2.15246
2.55873
3.47535
2.04427
3.0571
0.1
2.69959
3.50721
2.66227
2.53719
2.78059
3.17985
2.45932
3.03438
3.13733
2.01385
2.65345
3.12003
2.37664
2.17578
1.73822
1.60718
2.81396
2.38428
2.97102
2.56697
3.0158
2.63983
3.06785
3.05842
2.622
3.02709
2.15761
2.71453
2.87195
2.80461
3.07053
2.17029
1.81654
2.69963
2.7592
2.63897
1.97125
1.733
2.05389
3.18211
2.95211
2.38493
3.08535
2.54658
2.68635
3.03523
1.34295
1.65127
2.47715
2.39947
2.08848
1.9623
2.01302
1.42864
3.02028
3.04298
2.40807
1.91243
1.34949
2.37792
1.86438
1.75052
1.69767
2.48041
2.7712
1.98937
2.49508
2.01482
1.88233
2.96822
1.74118
2.71834
2.32364
2.58129
2.97713
1.41058
1.28139
2.20968
1.94983
3.54484
2.34758
2.13849
2.11343
2.62799
3.13472
1.94802
1.96233
3.32878
2.63158
2.49955
1.81809
2.09424
2.48086
2.38024
2.23801
2.26083
2.92745
1.56946
2.76349
2.46902
0.1
2.82751
2.7842
2.75986
2.6907
2.64729
2.46721
2.12745
3.0759
1.72866
2.61701
2.93493
1.78257
1.94449
1.5899
1.11932
2.76352
2.54006
2.89706
2.24761
2.51035
2.33168
2.82843
2.44851
2.34919
1.99826
2.06594
2.69894
2.34157
2.23011
2.89409
1.69705
1.37043
2.47046
2.97594
2.08321
2.6668
1.88121
1.1409
2.62523
3.06155
1.98783
2.54153
1.68408
3.27069
3.18187
3.44643
2.48396
2.13237
3.1154
2.39018
2.32132
2.77762
2.74246
2.78767
3.12153
2.76516
2.17244
2.41287
1.23171
2.87148
2.67049
2.19558
3.41051
2.49595
2.81158
3.06989
1.95575
2.97843
3.59953
2.92737
2.91775
2.83551
2.73537
2.81875
2.35901
2.89115
1.21885
2.02525
3.64369
1.83679
3.28141
2.03862
1.92682
2.60219
2.11624
3.01324
2.89862
2.82396
2.63377
2.18707
2.88589
0.768457
2.46011
2.9647
3.22656
1.96586
1.59662
2.28954
3.68735
3.2508
0.1
2.96054
2.97935
2.45106
1.76695
2.99764
1.90515
3.52698
3.18617
2.80187
2.80317
3.05655
2.63464
1.5784
2.2631
3.09324
2.99095
2.72508
2.44715
1.52781
1.93349
2.57357
1.01429
2.08367
2.2976
2.83261
2.74687
2.6702
1.4059
2.58446
2.24498
1.36343
2.10134
3.12722
1.92522
3.34525
2.54732
2.56165
1.08669
3.04726
3.16641
1.99479
2.88236
1.76579
1.39392
3.39823
2.35363
2.32979
2.87855
2.27221
1.22841
2.24701
2.87437
2.53821
1.42792
2.09343
2.24931
2.47908
2.69651
2.396
2.42404
1.80194
2.75221
2.35287
2.51243
2.05969
2.24558
2.84229
2.27289
2.70694
1.22556
2.27761
2.5241
2.87205
2.75772
3.0376
2.40151
1.91334
1.67906
1.91624
2.5287
1.79491
2.42815
3.06649
2.32132
2.51549
2.70749
0.945052
2.72837
1.3788
1.97891
2.87364
0.828842
2.70595
2.92897
3.06885
2.06947
2.23165
2.99066
3.42138
3.16415
0.1
1.22402
1.96207
2.59672
2.25366
3.06572
2.35946
3.06777
1.6738
2.0957
2.73406
2.03979
1.29615
2.08081
2.12226
1.68908
1.56364
2.13353
2.62316
2.26284
2.19918
2.82562
1.85617
3.18488
2.28174
1.49477
2.58186
2.50178
1.97003
2.0698
1.69212
2.11091
1.70344
2.28034
2.09822
1.80041
2.58414
2.74502
1.47328
2.88408
2.62422
3.18794
2.04183
1.92607
3.59745
2.49188
2.55136
3.14895
2.53959
1.2228
2.48585
3.11023
2.6726
1.24534
2.23584
2.46581
2.68882
2.96676
2.48868
2.60481
1.98303
2.84775
2.51618
2.64539
2.35053
2.53568
3.00748
2.10658
2.89096
1.26715
2.45189
2.78267
3.13546
2.93398
3.23608
2.6531
2.22186
2.30917
2.18383
2.67175
2.11587
2.72746
3.39466
2.60796
2.74889
2.85752
1.5238
3.01548
1.65769
2.1336
3.11403
1.2985
2.90888
3.02337
3.38969
2.27145
2.58733
3.07643
3.66178
3.43787
1.319
0.1
2.25589
2.86166
2.58678
3.30312
2.4657
3.25849
1.77276
2.5499
3.00002
2.25992
1.54402
2.22682
2.16655
1.7015
1.89325
2.28574
2.90368
2.53094
2.34055
3.07116
2.20298
3.46185
2.36738
1.59048
2.78305
2.77289
2.16483
2.34197
1.89347
2.40206
1.91519
2.58719
2.09511
2.01206
2.73989
3.00411
1.54307
3.01344
2.96537
2.41507
2.52881
2.43189
3.59912
2.33318
2.46948
3.2767
2.52163
1.75875
2.3241
2.83917
2.88521
2.21695
2.66941
1.92527
2.44164
2.41234
2.81513
2.76392
1.76684
3.34584
2.62778
2.5176
2.28621
2.21342
2.84487
2.93112
2.76089
1.97706
2.18138
1.9883
2.0818
2.83832
3.05835
2.02619
1.89813
2.74602
1.74719
2.95812
1.85222
1.73249
2.14711
2.04923
2.67462
2.95455
2.08257
2.21011
1.73751
2.44085
2.56104
1.78748
2.56819
3.36127
2.3943
1.80824
1.52674
3.33617
3.53104
2.79657
2.09414
2.23171
0.1
2.45951
2.26081
2.92831
3.22912
3.13094
2.44277
1.60091
2.98011
2.4756
1.09151
2.28514
2.85923
2.55202
1.89775
2.53688
2.10833
1.58849
2.52129
2.4534
1.55168
2.98707
2.777
2.26049
2.93077
2.1457
2.22397
2.16513
1.55285
1.23783
1.87234
2.11213
2.66745
2.11156
2.76998
2.39278
2.05023
3.27914
2.16633
2.05708
2.95263
2.67646
3.39127
2.52098
1.41149
2.68914
1.97672
2.12881
2.67682
2.79204
2.17036
2.76872
2.31029
2.27085
2.44745
1.53422
2.65532
2.413
2.14672
3.06394
1.86487
2.821
2.87529
1.65959
3.01832
3.34496
2.91981
2.63749
2.79414
2.77628
2.94603
2.35794
2.95237
1.54858
1.75665
3.04489
1.31463
3.08389
1.63031
1.94047
2.79269
2.13775
2.90154
2.25163
2.4318
2.74603
1.95151
2.67092
1.78692
2.10175
2.99825
2.97044
2.33773
1.77726
2.04949
3.56009
3.24054
1.88025
2.58715
2.64141
2.29534
0.1
2.83848
2.19548
2.98944
3.20151
2.33677
2.50355
2.87164
2.32587
1.4352
2.15046
2.61862
2.61301
2.28159
1.98698
1.8346
2.02901
1.98555
1.86827
1.76969
2.5569
2.53971
2.29097
2.21508
1.659
2.0391
2.06143
1.35668
2.04534
2.88743
1.74516
3.12074
2.36504
2.47799
1.47144
2.69372
2.94185
1.97963
2.41085
1.78589
2.30827
2.75902
1.73385
2.43616
2.68134
2.12376
1.42138
1.17414
2.08034
2.90682
2.36643
2.33964
1.51926
1.74955
2.39981
2.21007
2.18238
0.953588
2.73366
2.65685
1.85808
1.09483
1.941
2.11456
2.46658
1.9243
1.94805
1.5273
1.75116
2.29245
2.381
2.35191
2.0982
1.56984
2.68561
2.00645
2.0574
1.71816
2.16097
2.51918
1.59184
1.58324
3.1219
1.92267
1.86841
1.15051
1.61572
2.5861
1.79163
1.80974
2.81023
2.61105
1.55714
2.10258
2.48168
2.72217
2.87766
2.02571
2.15408
1.90405
2.55946
0.1
2.65893
2.84233
2.29406
2.28247
1.93443
2.05219
1.85789
1.01172
1.6905
2.58558
2.17604
2.25548
2.29033
2.28156
1.83832
2.61415
2.49356
1.7564
2.54778
2.2665
2.26544
2.57385
2.1365
2.4889
1.51862
1.31674
1.83064
1.99552
1.87545
2.04081
1.20612
2.18949
2.55148
2.3478
2.64418
2.17309
2.04175
3.16203
3.22794
2.82571
2.22488
2.21687
2.73434
2.1834
2.26868
2.58434
2.28262
2.87553
3.21551
2.61723
2.09978
2.04682
1.70301
2.52444
2.28547
2.08207
3.05759
2.60044
2.57726
2.9692
1.87189
2.63417
3.47051
2.57987
2.9615
2.74307
2.77337
2.99629
1.68666
2.35757
1.72624
1.99591
3.72872
2.13674
2.96243
2.0951
2.36123
2.9485
2.02959
2.72604
3.11285
2.84862
2.63697
2.11174
2.68431
1.6742
2.51978
2.76697
2.79665
2.48841
1.4874
2.62086
3.34296
2.56056
1.99552
3.00599
3.00001
2.68896
2.16078
2.90221
0.1
3.38519
2.74268
2.78096
2.98896
2.64699
2.39627
1.64234
1.90963
2.98929
2.88457
2.9148
2.31058
2.06785
2.19053
2.70965
1.73816
2.28165
1.63127
2.54161
2.80399
2.40245
1.74592
2.80013
2.02849
1.27758
2.37634
3.21252
1.92711
3.2044
2.38276
2.05379
2.00077
3.18571
2.69841
2.25587
2.97953
2.17174
1.97959
3.09903
2.40958
2.02976
2.24623
1.90084
1.59444
2.43415
2.8197
2.12086
2.23872
1.06524
2.4503
2.45886
2.6648
1.93396
1.92424
2.01626
1.95497
2.00306
2.62912
2.49145
2.1492
2.8706
2.48585
2.72096
2.13361
2.62288
2.92684
3.298
2.44617
2.91013
2.46587
1.96375
2.38726
2.0418
2.39082
1.85182
2.70197
3.44822
2.45401
2.57902
2.49077
1.79147
3.03308
1.56912
2.01253
2.83777
1.62171
2.92053
2.2702
3.27931
2.13566
2.62102
2.93967
3.1522
3.1432
1.97024
1.90818
2.52248
2.50324
2.63958
2.87913
0.1
3.01188
1.16828
2.68807
2.53264
1.66677
1.55054
1.84693
0.917114
1.28166
2.16341
1.42596
2.76336
2.54426
1.96087
2.84163
2.15601
3.0911
1.61135
1.57705
1.91616
2.55245
2.0983
2.01464
1.70238
2.49126
2.58048
2.30166
2.37891
1.92286
2.25872
2.76228
2.32514
2.31513
2.78422
2.74426
2.63375
3.13808
1.81571
1.07687
2.77018
2.87319
2.43519
1.87786
1.77922
1.46202
3.28116
3.03772
2.65066
1.76014
1.28018
2.65509
2.04236
2.148
1.47091
2.74249
3.02568
1.44818
2.33116
2.30763
1.10399
2.81551
0.986244
2.65858
2.0004
2.39038
2.84347
2.01268
1.30889
2.39479
2.1276
3.66982
2.5082
2.00869
2.29085
2.72422
3.13119
2.02582
1.71106
3.57295
2.67945
2.36556
1.84404
1.99541
2.73808
2.42922
1.77727
2.5996
3.05712
1.64063
2.85367
2.06278
1.93431
3.10519
2.79762
2.75257
2.67387
2.93017
2.32882
2.55125
3.29338
0.1
2.76083
2.97596
2.05025
2.15652
1.61982
1.40061
2.95346
2.61801
2.97811
2.53097
2.66581
2.35559
3.03841
2.6666
2.45681
2.38397
2.28822
2.80844
2.74305
2.43939
3.04592
1.90126
1.53499
2.49226
2.87142
2.31743
2.47508
1.79707
1.72712
2.86061
3.06463
2.36292
2.71861
2.96737
2.19299
1.6828
3.33047
2.49412
2.00049
2.51589
2.02543
1.57966
2.50447
2.94572
2.00822
1.99362
1.45522
2.46812
2.5626
2.66162
2.20643
2.18202
2.04898
2.36051
1.89844
2.71009
2.50605
2.18221
2.98447
2.52893
2.84415
1.9829
2.63929
2.90152
3.24403
2.60705
3.06179
2.443
1.96767
2.03695
1.91898
2.59033
1.80184
2.61861
3.38009
2.47741
2.69901
2.30706
1.58407
3.03014
1.58688
2.14007
2.83825
1.37751
2.97906
2.58385
3.23201
2.16239
2.49534
3.11418
3.35937
3.1285
1.74762
1.71626
2.39006
2.4499
2.65339
2.96307
1.45582
3.16296
0.1
2.55223
2.72376
1.88294
1.50561
2.01666
1.26112
1.40615
1.8778
1.60414
2.72168
2.49214
1.76751
2.83641
2.05306
3.18259
1.95271
1.12678
2.12905
2.54189
1.82173
2.10083
1.72628
2.4017
2.44082
2.31028
2.43357
2.00465
2.45512
2.72134
2.06931
2.61648
2.74961
2.21586
2.15703
2.00978
3.25055
2.18223
2.17584
2.80343
2.10857
1.61277
2.03306
2.54924
2.63303
2.14713
2.32287
1.81455
2.18835
2.1848
2.51663
2.40769
1.59417
2.9765
2.37571
2.3735
1.96469
1.82589
2.64723
2.76003
2.51785
1.88219
2.08714
1.99198
2.25938
2.56735
2.79194
1.8667
1.4537
2.24678
1.52029
2.62903
1.40275
1.68897
2.24502
1.74963
2.34623
2.74916
1.74455
2.10537
1.38154
2.13485
2.40843
1.54054
2.4144
3.03626
2.3135
1.65515
1.32045
3.07894
3.16769
2.63186
1.84287
2.07694
1.32145
2.20851
1.89208
2.67795
2.83076
2.86658
2.14756
0.1
2.55726
2.08714
0.672109
2.01741
2.54192
2.25167
1.72296
2.22215
1.98742
1.5793
2.30008
2.32184
1.05877
2.70237
2.4657
2.02523
2.55844
1.9357
2.0486
1.77201
1.32006
1.3275
1.89544
1.72762
2.46247
1.80043
2.48407
2.24249
2.02347
2.93722
1.85672
2.45796
2.113
2.52203
1.94408
1.7011
2.26225
1.96752
1.71315
1.65832
1.58646
1.65545
2.7707
2.67387
2.04841
1.81493
1.43688
2.30834
1.65465
1.4464
1.44257
2.16509
2.53215
1.9445
1.98662
1.74536
1.98872
2.62304
1.72518
2.34519
2.08089
2.36245
2.80315
1.81816
1.86243
2.12332
1.57506
2.95899
2.10363
1.68047
1.75602
2.42489
2.94619
1.73138
1.47735
3.06913
2.1792
2.3286
1.35892
1.59007
2.4947
2.01403
2.11415
2.20597
2.80352
1.56978
2.45555
2.29347
1.8797
2.80559
2.34909
2.38774
2.3977
2.47609
1.96281
2.31962
2.60759
1.93186
2.24056
2.50044
0.1
1.3626
1.33322
0.956797
2.39795
2.11927
2.52751
1.98554
2.3944
2.16003
2.5636
2.45346
2.02458
2.21815
1.79007
2.34242
2.09993
2.13541
2.58791
1.16547
1.24616
2.23045
2.58823
1.82302
2.27786
1.36216
1.49655
2.53697
2.69457
1.93133
2.31503
2.60048
1.88155
2.13718
2.42759
2.00448
2.05484
1.59675
1.45363
1.54362
1.87849
2.19131
2.47563
2.4467
1.57262
2.05839
1.90653
2.37157
1.5724
1.30832
1.63894
1.81443
2.26477
2.22166
2.04054
1.74073
2.3709
2.48772
2.16246
2.17613
2.25759
2.5454
2.95953
2.02908
2.33396
2.19705
1.54662
2.53742
1.982
1.80984
1.60149
2.45884
3.0864
1.97157
1.91377
2.79833
1.87506
2.57801
1.19859
1.54879
2.5785
1.76244
2.43702
2.08152
2.92923
1.78331
2.4133
2.49469
2.43628
2.87525
2.08269
2.13859
2.36786
2.38379
2.10993
2.49549
2.0363
2.41363
1.84097
2.42451
1.61539
0.1
1.32764
1.30263
1.9511
1.71078
2.29531
1.63749
2.47654
2.2571
2.28731
2.56012
1.94731
2.55101
1.4808
2.01653
1.7955
2.2321
2.33772
1.36296
1.37355
2.25992
2.4917
1.88559
2.20183
1.41441
1.76352
2.55606
2.48494
1.90596
2.40151
2.07072
2.10482
2.09631
3.05358
2.05691
2.14664
2.64222
1.97464
1.61836
1.8524
2.33897
2.657
2.28355
2.27721
1.66663
2.00152
2.07587
2.40854
2.27041
1.46976
2.87373
2.39329
2.25436
1.84403
1.65644
2.49236
2.75316
2.34704
1.9852
1.99766
1.89331
2.21881
2.42348
2.60761
1.77586
1.24105
2.3721
1.57349
2.49001
1.31014
1.6814
2.1851
1.49901
2.15164
2.80776
1.82041
1.93232
1.28634
2.02936
2.32104
1.64366
2.26229
2.92661
2.21771
1.50952
1.44971
2.95217
2.94936
2.54719
1.95241
2.16047
1.53689
2.17297
1.68687
2.5308
2.8057
2.68287
2.17582
1.13173
2.33716
1.95939
0.1
1.8842
2.53448
2.24318
1.91692
2.17335
1.90591
1.51176
2.34985
2.22987
1.09959
2.49734
2.37933
2.10435
2.46159
1.81115
2.16211
1.55643
1.16651
1.37786
2.0283
1.52335
2.42616
1.67211
2.339
2.19008
2.19392
2.80446
1.681
2.67163
2.34742
2.75894
1.52734
1.7229
2.38799
2.08154
1.90566
1.76195
1.8553
1.75445
2.86688
2.83154
2.1209
1.99232
1.56021
2.47525
1.42657
1.36361
1.62245
2.03336
2.63846
1.98577
2.26636
1.9813
1.98533
2.67864
1.7618
2.51092
2.24591
2.58609
3.01922
1.69301
1.76469
2.29308
1.85608
3.2427
2.28392
1.6717
1.99432
2.64596
3.19968
2.00429
1.74051
3.19359
2.3841
2.56967
1.59801
1.7361
2.61973
2.18327
2.26183
1.97295
3.03236
1.71584
2.70887
2.20211
1.66801
2.95762
2.54356
2.5228
2.6172
2.63884
2.29646
2.37956
2.70346
1.87107
2.35961
2.80625
1.34902
1.55519
1.52488
0.1
2.46428
2.21481
2.72742
2.04484
2.59096
2.36848
2.6802
2.59248
2.26701
2.34401
1.69001
2.47965
2.14698
2.32331
2.74724
1.55471
1.42124
2.45176
2.79651
2.08245
2.37553
1.60489
1.16107
2.6969
2.87053
1.61377
2.58033
3.07845
2.34805
2.11068
3.24319
2.50796
2.05984
2.42249
2.03873
1.67479
2.5779
2.95446
2.04733
2.26894
1.21985
2.55031
2.57876
2.74278
2.05051
2.06496
2.12006
2.08572
1.9657
2.73566
2.64571
2.26087
2.98956
2.56473
2.85152
2.20669
2.73559
3.04026
3.40153
2.53302
3.03361
2.53956
2.08527
2.52801
2.09455
2.55192
1.96071
2.78426
3.55685
2.57286
2.73736
2.4331
1.9094
3.15485
1.70604
2.16725
2.90222
1.69413
3.04592
2.34351
3.37742
2.21871
2.71206
3.07228
3.30004
3.21288
2.06287
1.95196
2.60244
2.55445
2.7971
2.96283
1.06266
3.1476
1.17533
2.8118
2.71257
1.85765
1.6304
1.95997
0.1
1.4331
2.2108
1.46299
2.84499
2.63109
1.90848
2.91222
2.25024
3.20866
1.72702
1.56664
2.00088
2.63753
2.09158
2.15633
1.78201
2.57589
2.67227
2.41408
2.49584
2.06763
2.36393
2.82299
2.36239
2.4278
2.89415
3.05507
1.82909
1.88938
3.11561
2.33062
2.29387
2.52013
2.11418
1.32165
2.3002
2.81024
2.43898
2.03854
1.61052
2.39771
2.43896
2.79281
1.94708
2.06836
1.90457
2.09639
2.29635
2.50848
2.27465
2.27565
2.78539
2.12257
2.63334
1.87343
2.45721
2.82216
3.22053
2.56645
2.90792
2.54762
2.01888
2.3197
2.14492
2.22066
1.93986
2.73449
3.4287
2.45534
2.45737
2.74664
1.60342
2.97017
1.45613
1.7857
2.95964
1.50424
2.79893
2.43037
3.33029
2.15155
2.63605
2.74841
3.20296
3.28144
1.73302
1.61882
2.45332
2.6919
2.48507
3.01974
1.57076
2.94643
1.38193
2.62963
2.53069
1.71937
1.52495
1.86056
1.51204
0.1
2.14382
1.82326
2.83028
2.53754
2.20797
2.94011
2.18165
3.17634
1.73642
1.61313
2.26519
2.6378
2.22307
2.04173
1.74752
2.47049
2.35364
2.38607
2.03236
1.76214
2.32864
2.88917
2.17056
2.42728
2.84659
2.73115
2.36009
1.69394
3.62749
2.53153
2.11977
2.9978
2.29638
1.65527
2.51781
3.02466
2.31013
1.69926
2.21848
2.32071
2.61789
2.51927
2.64822
2.58909
1.99756
3.02867
2.11017
2.73931
2.44945
2.17957
3.05651
2.76892
2.93984
1.76582
2.52543
2.61371
2.85122
2.81982
3.20031
2.23324
1.90123
1.83312
1.55922
2.90645
1.69359
2.19047
2.9239
2.34547
2.80753
2.34621
1.55942
2.77981
1.65173
2.37663
2.69857
1.17201
2.91802
3.12187
2.87159
2.06428
1.93502
3.37229
3.59696
2.94193
1.57929
1.7729
1.79626
2.31324
2.53543
3.00301
2.61814
3.29934
1.81638
1.97862
2.9723
2.27064
1.28558
2.25309
2.29759
2.11016
0.1
2.14241
2.42793
2.14733
1.91162
2.66071
1.6442
3.18312
2.51076
1.49822
2.60055
2.35358
1.4459
2.18348
1.66941
1.94481
2.02983
2.20299
2.60406
2.12314
2.72988
2.49704
1.509
3.09768
2.46677
2.77612
2.54373
2.31838
3.02383
2.44439
1.58648
1.8786
1.57895
1.87017
2.54126
2.74595
1.82784
2.56267
1.15666
2.44108
2.41048
2.38901
2.0224
1.78225
2.1003
2.09404
1.67358
2.71192
2.70171
1.90991
2.90276
2.8877
2.76218
2.44506
2.75628
2.9787
3.31152
2.20285
2.83195
2.2739
1.86854
2.71651
1.90641
2.59579
1.75212
2.59938
3.38232
2.37616
2.6759
2.27612
2.12751
3.02181
1.72819
2.26568
2.56926
1.88726
2.98832
2.17918
3.11363
2.03946
2.57374
3.13824
3.00334
2.84558
2.3208
2.30432
2.58542
2.16902
2.77348
2.56374
1.85313
3.02003
1.66993
2.75121
2.51268
1.74348
1.56557
1.82075
1.63512
1.93197
2.3071
0.1
2.59051
2.48653
1.8075
2.60886
2.11543
2.85512
1.72561
1.89148
1.22567
2.34827
2.09598
1.95074
1.58408
2.47157
2.83355
2.12077
2.73026
2.09497
2.13351
2.50361
2.59179
2.24067
2.6209
1.1215
2.97705
2.9117
3.35194
2.30405
2.19426
3.05261
2.31056
2.13129
2.48129
2.55983
2.82417
2.87489
2.69791
1.84657
2.23027
1.41095
2.79306
2.61358
1.93965
3.33843
2.52996
2.59243
2.72042
1.80861
2.78041
3.37301
2.71512
2.64619
2.51619
2.2923
2.32215
2.43183
2.77742
0.838957
1.76711
3.31907
1.65015
3.08005
1.812
1.27198
1.91456
1.74547
2.7455
2.92316
2.5714
2.16353
1.96617
2.66624
1.57643
2.24539
2.65663
3.22731
1.04442
1.36158
1.7877
3.47942
3.16617
1.67425
2.69312
2.76185
2.02763
1.89002
2.60666
2.16473
3.40215
3.00114
2.6748
2.32063
2.86133
2.48981
1.29868
2.17564
3.00567
2.83102
2.4675
2.44425
0.1
1.35967
2.5525
1.38118
1.71102
2.25621
2.77056
2.5944
2.69945
1.0653
2.45457
2.03637
1.17627
1.58729
2.77153
1.64917
3.09259
2.31314
2.53541
1.41575
2.77947
3.13462
1.39382
1.70218
2.76789
2.79882
3.34019
2.15399
2.41777
3.15614
2.41627
1.97521
2.24415
2.49295
2.98058
2.7084
2.7424
1.55406
2.14687
1.96182
2.77646
2.65906
1.70669
3.34948
2.69472
2.39164
2.4235
1.97004
2.62367
3.18117
2.55905
2.42955
2.1911
1.78906
1.74705
2.56709
2.74393
1.52253
1.76037
3.19013
1.78214
2.94598
1.83789
1.22933
1.08741
1.59815
2.5555
3.09132
2.43267
1.6912
1.8366
2.51049
2.1012
2.13491
2.36964
3.28573
1.50611
1.34472
1.60769
3.30798
3.19396
2.30209
2.52283
2.61491
1.65804
2.26986
2.2789
2.49047
3.4024
2.87985
2.66024
1.9998
2.80273
2.46427
1.12013
2.16005
3.01946
2.75698
2.36968
2.54812
1.47473
0.1
2.6676
1.92989
1.61911
2.44628
2.7802
2.55768
2.85002
1.60932
2.4978
1.99824
1.2507
1.10412
2.452
1.78088
2.87592
2.14738
2.57822
2.00448
2.60333
3.1728
1.58002
2.91298
2.87102
2.35854
3.70241
2.75646
1.62852
2.86317
2.22249
2.01602
2.89493
3.21329
1.14863
2.39977
1.9891
2.64022
2.80689
2.51536
2.64506
2.52931
2.32941
2.92168
1.09193
3.02793
2.99086
2.23735
3.3018
3.13661
3.19197
2.44053
2.97643
3.12426
3.37477
2.72777
3.32996
2.33912
2.1305
2.70044
1.70657
3.14119
1.91472
2.5514
3.41528
2.63342
3.13105
1.2081
2.19335
3.21929
1.99114
2.67918
2.65908
1.834
3.29832
2.94002
3.15981
2.23425
2.48613
3.63698
3.66739
2.9011
2.31938
2.28755
2.49083
2.10161
3.06987
2.91509
2.4768
3.51559
1.78476
2.76089
3.14848
2.3625
1.64031
2.31173
2.07038
2.26901
1.99565
1.75298
2.62245
2.52328
0.1
2.69644
2.10909
3.26113
2.42366
1.69077
2.25761
2.47044
1.40744
2.37138
1.78606
2.4403
2.82587
2.36896
3.02207
2.44743
2.70931
2.47802
2.37347
3.00281
2.74676
1.48661
3.25556
3.22508
3.37884
2.39247
2.27639
3.16096
2.43861
2.30988
2.70314
2.6317
2.92725
3.14734
2.8284
2.04488
2.31494
1.32837
2.86946
2.68264
2.12677
3.43812
2.63336
2.71919
3.01524
1.98077
2.87227
3.58362
2.83245
2.9167
2.74805
2.61305
2.67612
2.33825
2.79045
1.15143
2.02241
3.69706
1.9268
3.24213
2.07416
1.88294
2.44125
2.00982
2.93902
3.05542
2.84746
2.47823
2.17658
2.85712
0.941832
2.48923
2.8452
3.25148
1.77218
1.45423
2.28959
3.62449
3.17146
1.13883
2.97963
3.00009
2.42276
1.97628
2.92664
1.86788
3.59382
3.0833
2.86289
2.78586
3.01147
2.64331
1.55673
2.23544
3.16011
3.02046
2.77725
2.52791
1.41772
1.82551
2.69538
0.1
2.09694
2.14729
2.85613
2.80817
2.75272
1.32005
2.68341
2.21526
1.31338
2.04799
3.1032
1.91036
3.31485
2.51194
2.53472
1.37333
3.07413
3.17191
1.93031
2.01842
2.32496
2.06203
3.22313
2.24088
1.94283
2.65442
1.93842
1.74142
2.15499
2.53675
2.4681
2.28496
2.23905
1.88027
2.18913
1.93995
2.50507
2.3337
1.71565
2.93783
2.19637
2.467
2.18684
1.59116
2.70575
2.90231
2.57586
2.08087
2.26684
2.17154
2.39402
2.46713
2.77622
1.66559
1.28302
2.2958
1.22614
2.69775
1.14578
1.5306
2.26051
1.70889
2.43099
2.57273
1.85631
2.20024
1.46551
2.233
2.21166
1.62367
2.5341
2.9743
2.15524
1.60605
1.12322
3.17397
3.10882
2.39778
1.99864
2.19901
1.56538
1.91238
2.10337
2.5066
2.78283
2.90221
2.11706
1.29145
2.53715
2.05379
0.792361
1.99816
2.49395
2.28969
1.75227
2.09468
1.79466
1.56496
2.15391
2.14251
0.1
2.57079
2.43197
2.01676
2.39624
1.72357
1.93427
1.71409
1.20885
1.38056
2.18732
1.49056
2.62314
1.90206
2.43049
1.99985
2.16958
2.88406
1.60039
1.86343
2.91267
3.08271
2.52306
1.91157
2.33061
2.6631
2.12413
2.11393
2.22554
1.78007
2.97432
3.08589
2.5893
1.73278
1.60758
1.80003
2.39692
2.18293
1.79625
2.96871
2.69529
2.2561
2.64797
1.76341
2.26165
3.26814
2.19352
2.78968
2.42028
2.41941
2.68135
1.70396
1.96757
1.68536
1.80835
3.56376
2.11832
2.6868
1.98377
2.21762
2.65731
1.62536
2.34558
3.21156
2.69854
2.21709
1.92473
2.44032
1.88785
2.4076
2.36084
2.77102
2.3049
1.09641
2.46206
3.04236
2.19482
2.19735
2.84911
2.86836
2.50301
2.29682
2.53752
1.4907
3.31581
2.33891
2.72523
2.75215
2.31006
2.23592
1.48114
1.71831
2.95351
2.7683
2.81883
2.34801
1.96778
1.96468
2.76543
1.82433
2.13611
0.1
2.46639
2.74473
2.46523
1.65458
2.79311
1.75927
1.05188
2.18314
2.98929
1.73492
2.96427
2.12777
1.9119
2.11837
3.05598
2.61002
2.03909
3.01989
2.34575
2.5766
2.5387
2.20346
2.28241
2.03407
1.94084
1.71631
2.32489
2.54212
2.56071
2.67011
1.59945
2.39904
2.23318
2.71657
1.18881
1.43803
1.95973
0.484907
2.39835
2.43432
2.53526
2.20298
2.59402
2.5352
2.43851
2.44206
2.58312
2.95577
3.36706
2.11064
2.54975
2.53086
2.06346
3.06097
2.30813
2.01559
2.06942
2.86096
3.55602
2.43135
2.36221
2.94704
2.2498
3.0223
1.68416
1.88391
2.86071
2.05308
2.77861
1.50466
3.36805
2.07967
2.86461
2.56135
2.68105
3.20148
2.41228
2.31929
2.75004
2.69529
2.66683
2.74075
2.03751
2.65212
1.97631
2.96752
2.20024
1.53249
1.66461
1.46402
1.87741
1.78834
2.62799
1.67747
2.85349
2.63605
2.42947
2.86419
2.38681
2.91459
0.1
2.19826
1.89279
2.60089
2.5795
1.94629
1.68955
2.65271
2.84473
2.36154
2.38042
1.85901
1.79511
2.87393
2.7524
1.51784
2.88648
2.99497
2.29871
1.60898
3.54999
2.57857
2.08566
2.81756
2.22503
1.60188
2.5978
3.08137
2.05982
1.74113
1.83919
2.50076
2.67609
2.70526
2.44312
2.42864
2.09743
2.69594
1.94483
2.79117
2.56367
2.28101
3.09692
2.59804
2.96935
1.86214
2.66766
2.89353
3.20399
2.77186
3.21258
2.45714
2.04037
1.89755
1.86056
2.78725
1.84924
2.57068
3.33838
2.53479
2.83545
2.23951
1.52372
3.04916
1.67234
2.2905
2.87406
1.20427
3.04629
2.85908
3.22037
2.20744
2.41557
3.2791
3.56632
3.15647
1.605
1.58395
2.27584
2.47153
2.71009
3.07477
2.02673
3.31162
1.15844
2.47605
2.93101
2.12218
1.49834
2.18016
1.73059
1.68854
1.59278
1.86886
2.71664
2.46576
1.72246
2.86327
2.01229
3.29904
2.2348
0.1
2.39175
2.57182
1.59081
2.22973
1.77993
2.33985
2.32052
2.37704
2.51485
2.11818
2.64179
2.72557
1.79178
2.88328
2.76697
2.63409
2.58832
2.48515
2.78468
2.34052
1.61158
1.50659
1.3635
1.9183
2.45671
2.54969
2.07518
2.70594
1.4709
2.34602
2.24866
2.24289
1.93023
1.5479
2.04212
2.06271
1.8755
2.62252
2.67693
1.74909
2.76926
2.95581
2.62582
2.53827
2.70754
2.91337
3.24809
1.94213
2.62948
2.16729
1.78273
2.90281
1.93081
2.51863
1.73094
2.54865
3.30091
2.24854
2.56078
2.47421
2.25205
2.91835
1.72783
2.24156
2.42909
2.01224
2.88603
2.04342
3.00271
1.92018
2.56464
3.05851
2.72604
2.70517
2.44784
2.44458
2.60195
2.10831
2.71605
2.32314
2.1757
2.85129
1.93337
2.76062
2.31663
1.66837
1.54577
1.66767
1.95221
2.09308
2.44077
1.07227
2.4928
2.42295
2.03002
2.47516
2.10953
2.61184
1.69897
2.11026
0.1
2.22051
2.2671
1.80958
1.4704
2.44411
2.89471
1.98604
2.76119
2.05387
1.91441
2.40738
2.72466
2.05376
2.50903
0.898023
2.88164
2.83776
3.12342
2.21856
2.05217
2.79042
2.09183
2.09087
2.37609
2.36812
2.72859
2.87297
2.5507
1.81805
2.07136
1.06757
2.6331
2.41058
1.88402
3.15025
2.43487
2.51724
2.64596
1.54777
2.66475
3.30561
2.58167
2.6364
2.48837
2.3318
2.45852
2.21333
2.59209
0.731937
1.60451
3.2424
1.64512
2.92934
1.69
1.5499
2.16813
1.59877
2.60196
2.86811
2.51505
2.17111
1.87953
2.55282
1.46421
2.21179
2.58978
3.03475
1.52133
1.25124
1.89275
3.34782
2.9089
1.59313
2.65752
2.72905
2.13482
1.76777
2.52507
1.89036
3.2509
2.84105
2.58476
2.33827
2.63927
2.32168
1.27693
2.01908
2.88303
2.73003
2.47478
2.29263
1.10139
1.53417
2.48789
1.33001
1.6998
1.9613
2.61297
2.54132
2.48739
0.1
2.44037
1.84914
0.973581
1.7363
2.79266
1.3877
3.01974
2.20926
2.34193
1.41476
2.79585
2.93089
1.261
2.81109
2.7217
2.10274
3.75328
2.70193
1.86518
3.00738
2.3025
1.90327
2.78513
3.18415
1.86149
2.10161
2.16965
2.52167
2.77024
2.49368
2.72618
2.63194
2.22274
3.06962
1.6893
2.95037
2.81663
2.22241
3.24966
3.03814
3.14053
2.19235
2.82217
2.92131
3.14069
2.82654
3.33318
2.26085
2.04293
2.35577
1.5047
3.11837
1.80591
2.33597
3.17091
2.52649
3.05433
1.75373
1.96932
3.04489
1.88867
2.61492
2.65352
1.58596
3.17807
3.11704
2.9917
2.17074
2.18779
3.60102
3.71243
2.88203
2.05503
2.09316
2.17359
2.13507
2.89087
2.98014
2.6226
3.48641
1.81965
2.43139
3.14416
2.3886
1.49455
2.34399
2.2449
2.25993
1.49266
2.01045
2.49469
2.33753
1.39219
2.65563
1.87381
3.25839
2.54563
1.54484
2.49472
2.39722
0.1
2.33076
1.74396
2.19478
2.52385
2.2973
2.9061
2.3631
2.78545
2.43024
2.00621
3.1364
2.59941
2.16051
2.08068
2.31083
2.37817
1.84015
2.05885
1.93859
1.48626
1.66381
1.63361
1.81517
2.62371
2.55798
2.01028
1.71313
1.5625
2.04437
1.94536
1.65676
1.43706
2.38165
2.36942
2.0831
1.91888
1.36606
2.18561
2.71279
1.96813
2.25198
2.07886
2.21186
2.61598
1.93112
2.10565
1.87307
1.13098
2.6864
1.8432
2.03886
1.4124
2.13139
2.66231
1.42979
1.71238
2.88328
2.0231
2.1429
1.22496
1.75518
2.29288
1.86818
2.16464
2.43077
2.50139
1.42812
2.12695
2.60272
2.22177
2.56184
2.21012
2.31775
2.16593
2.20933
1.80166
2.20888
2.57701
2.22457
2.14784
2.15123
1.44249
1.42444
1.10548
1.36085
2.36914
2.12436
2.30833
1.91521
2.11819
1.91458
2.40126
2.24409
1.69954
2.09727
1.96597
2.21556
2.03685
1.85914
2.38577
0.1
0.998926
1.96889
2.45217
1.41476
2.37162
1.42984
1.78661
2.28483
2.54467
2.23262
1.93595
1.55925
2.53626
2.61253
2.68746
1.96102
2.04259
2.3814
1.77046
1.90254
1.98222
1.93094
2.70008
2.74563
2.32124
1.6156
1.68125
1.57841
2.31927
2.05769
1.61663
2.81195
2.41902
2.24567
2.28785
1.2112
2.34456
3.04318
2.20818
2.46693
2.23544
2.16245
2.44334
1.97187
2.22916
1.42685
1.23694
3.00101
1.73326
2.52604
1.49084
1.80989
2.31566
1.12941
2.15354
2.90429
2.30439
1.97411
1.59818
2.20525
1.89129
2.06626
2.28324
2.74385
1.9978
1.10305
1.95434
2.97609
2.44517
2.11755
2.46616
2.55949
2.11824
1.97961
2.12848
1.89256
2.9741
2.4497
2.40905
2.18182
2.10425
1.95604
1.12597
1.69315
2.67366
2.48228
2.40828
2.12097
1.6629
1.63066
2.4692
1.81102
1.63005
1.70026
2.32906
2.41448
2.25647
1.32699
2.43669
1.35499
0.1
1.78787
2.62511
0.981509
2.72646
1.8651
2.02141
1.90602
2.69463
2.5907
1.39371
1.98247
2.63297
2.57393
3.43874
2.24293
2.3559
3.14068
2.39051
1.8777
2.26089
2.63827
2.86658
2.48836
2.65689
1.73186
2.27045
2.09091
2.77005
2.66482
1.72598
3.31038
2.5902
2.45964
2.33751
1.99231
2.73076
3.07433
2.64844
2.23591
2.19597
1.8719
1.89503
2.66325
2.88003
1.68541
1.72698
2.91398
1.63586
2.93372
1.73637
1.22312
1.61099
1.7614
2.58949
2.94995
2.2376
1.93378
1.7507
2.46004
2.25851
1.94758
2.46947
3.28768
1.8817
1.55877
1.23523
3.32114
3.3231
2.45711
2.31011
2.43634
1.26829
2.24648
2.22797
2.6529
3.27003
2.99177
2.51676
1.64829
2.84162
2.42234
1.00415
2.19513
2.90182
2.63496
2.10661
2.48656
1.69123
1.08449
2.53262
2.12604
1.40245
2.67
2.74661
2.38273
2.82236
1.78875
2.3023
2.01765
1.34546
0.1
2.22277
1.83404
2.78423
2.10631
2.64197
2.08979
2.35702
3.1895
1.72146
2.91982
2.09024
2.25253
3.56268
2.28647
2.67705
3.31228
2.62451
1.3066
2.21367
2.91905
2.98493
1.7519
2.58982
2.11238
2.50557
2.82511
2.66387
2.73206
1.68893
3.17091
2.76218
2.39893
1.98757
2.46553
2.79022
2.36446
2.69371
1.23363
1.99954
2.21471
2.54515
2.93339
3.0963
2.46118
2.10706
2.60652
2.12272
2.70387
2.06833
2.40318
2.8716
2.32866
2.55681
3.12556
1.8029
2.53418
1.61158
2.15071
2.96666
1.58168
2.53141
3.26206
3.03319
2.05344
2.25565
3.03561
3.58196
3.27327
1.6685
1.73914
1.71863
2.8382
2.17422
3.20859
3.02939
3.08366
2.28857
2.11123
2.95085
2.38978
1.3185
2.2397
2.6928
2.24609
1.96822
2.55011
2.64375
2.15422
2.62361
2.88189
1.98926
3.27265
2.63472
2.11478
2.99057
2.5746
2.36901
2.24878
1.76328
1.98954
0.1
2.43373
2.12837
1.91348
2.76654
2.8591
1.69576
3.18728
2.69011
1.64114
2.46001
2.42433
2.82138
2.07309
1.86217
2.28879
1.6235
1.8614
2.04691
2.13724
2.53459
2.62737
2.19684
1.74773
1.85812
1.54158
2.32191
2.04392
1.67214
2.76621
2.25157
2.34368
2.27344
0.933132
2.48186
3.0059
2.33914
2.3784
2.28949
2.22943
2.49769
2.06678
2.40379
1.41162
1.00034
2.77041
1.53114
2.55312
1.23218
1.72188
2.3488
1.34015
2.23711
2.72403
2.16347
2.10602
1.5268
2.19478
1.91234
1.93528
2.40671
2.73572
2.02716
1.30561
1.78123
3.03757
2.61998
2.10699
2.33635
2.45615
2.02735
1.79443
2.13724
2.01341
2.8261
2.60297
2.26616
2.01233
2.17201
1.89203
1.03975
1.74702
2.54492
2.38201
2.23444
1.99779
1.64612
1.63797
2.30129
1.85704
1.41899
1.98456
2.28864
2.26594
2.14557
1.33948
2.25599
1.35843
0.700025
1.71779
2.54612
0.1
2.70372
1.86048
2.09848
1.82943
2.56707
2.60551
1.28649
3.18037
1.76995
2.54394
3.07435
2.01607
2.8048
3.09301
2.57695
0.922318
1.98162
2.69759
3.10848
2.26634
2.42987
2.21085
2.31862
3.02212
2.14862
2.42045
1.5963
2.65381
2.90305
2.06073
1.89664
2.56163
2.43734
1.43314
2.31599
1.8187
1.94147
2.54023
3.01014
2.72977
2.785
2.69924
2.24061
3.02586
2.46216
1.96726
2.26889
2.84844
3.3799
2.45274
2.17158
3.37299
2.06126
2.7737
1.57419
1.51573
3.15298
1.90973
2.37221
2.81004
3.41762
2.13257
2.80437
2.17551
3.22073
3.51451
2.06284
1.90931
2.45591
3.07879
2.23217
3.21226
2.80254
2.66747
2.29034
2.75496
2.60595
2.11999
1.5792
1.91128
2.52439
1.9472
2.53408
2.46647
2.96062
2.53492
2.81594
3.08949
2.39354
3.25725
2.21356
2.30003
2.86314
2.79394
2.73741
2.18323
1.83743
2.49995
2.13645
2.59389
0.1
1.57584
2.43574
3.13188
2.38607
2.71369
3.00303
2.63717
1.45798
2.25014
2.51682
1.73734
2.41645
2.43729
2.0129
1.29346
1.24748
2.07799
2.83925
2.36708
2.12237
1.80434
1.76463
2.52945
1.87032
1.91418
1.19374
2.35701
2.61041
1.85991
1.29277
1.99569
2.08359
2.23444
1.84424
1.96397
1.75919
2.17659
2.67384
2.2809
2.27633
2.26641
1.67119
2.66164
2.11583
1.53831
1.78767
2.42722
2.90797
1.85861
1.36171
3.10421
1.86677
2.2766
1.02012
1.02253
2.71045
1.77662
1.9945
2.51559
2.90017
1.72342
2.37595
2.15902
2.56344
3.02444
1.99849
2.07058
2.19658
2.63674
1.48533
2.69932
2.55739
2.18608
2.13114
2.27326
1.75527
1.53681
1.23285
1.45994
2.36222
1.90606
2.33408
2.13867
2.50259
2.13929
2.57745
2.64652
1.96088
2.64039
1.95249
2.18864
2.40529
2.31006
2.51558
1.48634
1.42339
2.13726
2.16902
2.01595
1.77826
0.1
1.99655
2.69467
2.40257
2.32938
2.42865
2.73468
2.69578
3.01699
1.40953
1.85426
2.43285
2.22819
2.03808
1.96344
2.17988
1.88363
2.92821
3.03766
2.26178
2.13194
1.71055
2.49205
1.60597
1.50926
1.84029
2.18989
2.69862
2.16334
2.60271
2.0873
2.13215
2.93047
1.99628
2.7367
2.47919
2.78422
3.18292
1.35389
1.74268
2.33743
2.03118
3.53448
2.38603
2.10538
2.15305
2.76249
3.34866
2.16363
2.13716
3.26753
2.62418
2.74778
1.84712
2.0943
2.59659
2.37366
2.47769
1.89222
3.12189
1.77282
2.87262
2.48305
1.50047
2.94852
2.78323
2.73402
2.7941
2.67861
2.62381
2.25505
2.91514
2.0368
2.5311
3.04542
1.87147
1.85913
1.66673
1.02648
2.61932
2.44328
2.91076
2.11188
2.65971
2.49012
2.76642
2.5891
2.42962
2.29911
1.82824
2.64663
2.1732
2.37434
2.87507
1.80142
1.49522
2.59911
3.04289
2.20527
2.66853
1.93603
0.1
2.72053
3.07299
1.56098
2.70518
1.686
3.16156
3.00735
3.48889
2.50357
1.98627
3.05143
2.30832
2.25079
2.73594
2.78417
2.63839
2.97543
2.66845
2.171
2.44092
1.2253
2.84892
2.64466
2.16334
3.3598
2.34456
2.81588
2.98327
1.86848
3.00643
3.51805
2.94009
2.7959
2.79392
2.68359
2.76321
2.43283
2.95237
1.14556
1.92199
3.43084
1.60947
3.2429
1.89467
1.7396
2.5143
2.0862
2.9837
2.71203
2.68254
2.60822
2.10548
2.82611
1.28496
2.3266
2.9604
3.21588
1.89768
1.63865
2.07544
3.66953
3.30982
1.18897
2.81669
2.85562
2.29969
1.51489
2.91429
2.09335
3.39885
3.21903
2.67293
2.61817
3.03058
2.56831
1.48888
2.26295
2.98067
2.88824
2.53635
2.36105
1.41513
1.8456
2.4106
1.33741
1.90535
2.42816
2.78877
2.60142
2.60534
1.36739
2.38985
2.19521
1.34521
1.95952
2.99573
1.83197
3.26971
2.48899
2.59185
0.1
2.88871
3.16143
1.85721
3.07833
2.38283
2.03894
3.81815
2.59438
2.53165
3.34717
2.63966
1.52752
2.61561
3.21614
2.67802
1.02341
2.46691
2.44708
2.77945
2.88256
2.76431
2.80924
2.05151
3.19285
2.49946
2.7688
2.49683
2.536
3.14182
2.56473
3.04167
1.39416
2.51506
2.7041
2.96882
3.04389
3.3702
2.54624
2.22145
2.3387
2.01772
2.9789
2.0851
2.52413
3.18539
2.58952
2.92739
2.75772
1.69635
2.95084
1.79106
2.42034
3.02311
1.3249
2.98472
3.29521
3.21619
2.24793
2.34527
3.38015
3.83528
3.31901
1.50064
1.45787
1.95711
2.75501
2.66244
3.31098
2.83921
3.42512
2.01872
2.34519
3.19705
2.47956
1.48125
2.39143
2.47661
2.15495
1.52185
2.42716
2.75862
2.37905
2.29295
2.97062
2.0525
3.48173
2.65243
1.69938
2.92883
2.68182
1.95943
2.42764
1.88207
2.19432
1.76366
2.55292
2.47316
2.20425
2.90705
2.86871
0.1
3.27767
2.84807
2.97194
2.60583
2.89868
2.07361
2.07679
2.39909
2.12193
2.03317
1.88732
2.32536
2.32499
2.78322
2.93019
1.99907
2.34527
2.06539
2.67752
1.12272
1.34147
1.96004
1.58483
2.58973
2.34235
2.65203
2.21666
2.41845
2.76793
2.27868
2.66314
2.59846
2.96118
3.37138
1.78008
2.24915
2.50773
2.12423
3.41591
2.41456
2.04585
2.18521
2.89941
3.56064
2.39132
2.31532
3.15855
2.52478
2.98576
1.83178
2.02961
2.794
2.28818
2.70431
1.21286
3.34587
2.00074
2.96194
2.49296
2.2707
3.14905
2.68402
2.59804
2.85726
2.74783
2.73924
2.56132
2.58198
2.41109
2.33146
3.11172
2.0914
1.73861
1.7264
1.23414
2.32515
2.20164
2.85347
1.91822
2.84096
2.64715
2.64908
2.79901
2.49124
2.71476
1.33902
2.49607
2.01635
2.5676
2.79672
1.94682
1.6549
2.71058
3.02844
2.36694
2.56929
1.95312
1.35213
2.86689
2.99285
0.1
2.89372
1.29999
2.63553
2.58484
3.07827
2.14174
2.03753
2.69729
1.99315
1.94109
2.17687
2.30796
2.67859
2.67426
2.44202
1.68945
2.00053
1.48045
2.55088
2.34083
1.72481
3.04964
2.3895
2.40932
2.38626
1.4399
2.58123
3.12781
2.47413
2.42708
2.30483
2.11447
2.27952
2.27633
2.56947
1.15333
1.3553
2.94126
1.50983
2.77364
1.46457
1.33253
1.97489
1.37777
2.42305
2.81435
2.28903
1.9705
1.68618
2.37664
1.81552
2.02127
2.44112
2.9937
1.58065
1.25363
1.5582
3.20894
2.89016
1.97385
2.42985
2.54347
1.88009
1.84069
2.23919
2.1307
3.09019
2.75973
2.43709
1.95577
2.49464
2.17802
1.03802
1.95521
2.75695
2.56769
2.26136
2.23073
1.25958
1.31592
2.41112
1.69711
1.37863
2.10951
2.52739
2.38328
2.45038
1.10265
2.3069
1.68035
0.894894
1.45916
2.54325
1.16496
2.82824
2.02547
2.3259
1.6774
2.58773
2.87869
0.1
