0.1
0.984112
0.974368
1.0811
0.734923
0.766299
0.972231
0.767577
0.71677
0.801998
0.802819
0.961283
0.988066
0.906905
0.606701
0.718102
0.460298
0.90888
0.837393
0.635387
1.06733
0.858988
0.846355
0.904534
0.583034
0.892142
1.10762
0.866212
0.913422
0.832451
0.758131
0.815857
0.765065
0.890009
0.319917
0.593378
1.1085
0.596469
0.999977
0.62302
0.533077
0.691246
0.544023
0.874003
0.997825
0.872466
0.702763
0.668587
0.869305
0.536289
0.780305
0.863759
1.04874
0.470707
0.418432
0.660709
1.14243
0.994058
0.59831
0.90992
0.93167
0.722237
0.660907
0.848496
0.677054
1.12236
0.971019
0.903245
0.80078
0.891395
0.8107
0.451807
0.700995
0.991307
0.933033
0.864733
0.829457
0.36987
0.497409
0.879409
0.468507
0.615765
0.65702
0.902435
0.889258
0.880215
0.298792
0.872502
0.651988
0.363844
0.593625
0.954251
0.532094
1.01532
0.754904
0.82259
0.537588
0.973071
1.00993
0.47001
0.95631
0.1
0.64427
1.00121
0.68093
0.836441
0.86733
0.733493
0.362257
0.598885
0.842223
0.923686
0.70225
0.704432
0.701425
0.740259
0.895981
0.692949
0.712008
0.508199
0.805712
0.849523
0.733403
0.520014
0.725747
0.826176
0.687406
0.764921
0.57029
0.669057
0.785827
0.962628
0.841914
0.908577
0.816255
0.624893
0.768218
0.701874
0.655707
0.62431
0.842629
1.01679
0.717594
0.661688
0.995623
0.518026
0.846067
0.359885
0.452432
0.960927
0.523503
0.79293
0.893931
1.03287
0.663087
0.801862
0.840565
1.00406
1.08197
0.549937
0.586907
0.724297
0.894347
0.612988
0.985921
0.794145
0.895467
0.65088
0.749283
0.74049
0.574117
0.441213
0.596688
0.734345
0.552213
0.72231
0.732733
0.877899
0.752042
0.832269
0.938805
0.675395
0.965276
0.681403
0.664061
0.830659
0.832076
0.811878
0.604699
0.541078
0.74446
0.666151
0.747147
0.55917
0.419567
0.778843
0.934468
0.731288
0.854012
0.877674
0.929525
0.632791
0.1
1.11911
0.784211
0.718346
0.859785
0.691072
0.491932
0.757106
0.937885
0.776372
0.611
0.63386
0.764348
0.83043
0.847271
0.779254
0.753495
0.620493
0.859003
0.708753
0.861722
0.730526
0.686792
0.951862
0.827912
0.900079
0.57868
0.801752
0.85402
0.995301
0.872075
1.00735
0.776454
0.597853
0.299832
0.584513
0.846517
0.535252
0.788201
1.00833
0.75101
0.829225
0.830854
0.319975
0.905923
0.459276
0.673726
0.919556
0.305003
0.923133
0.936991
0.999275
0.686887
0.717341
1.02891
1.09933
1.02503
0.431634
0.541671
0.679733
0.7926
0.760537
0.978545
0.707882
1.03136
0.496033
0.682251
0.853272
0.629755
0.428684
0.675597
0.646634
0.554417
0.516021
0.653737
0.836525
0.739864
0.672569
0.905397
0.587943
0.991936
0.724862
0.465
0.777819
0.798156
0.619588
0.649623
0.541717
0.709418
0.696047
0.717403
0.765725
0.608191
0.843781
0.866915
0.614962
0.920367
0.838468
0.950395
0.90619
1.03114
0.1
0.556982
0.903635
0.84455
0.772913
0.661476
0.699141
0.585192
1.04386
1.03717
0.83649
0.703341
0.546311
0.877653
0.59161
0.607581
0.593421
0.79685
0.95835
0.669405
0.862949
0.752071
0.633562
0.962194
0.588184
0.936175
0.796345
0.897209
1.06788
0.555687
0.504463
0.824257
0.730108
1.20125
0.828497
0.684418
0.771108
0.94465
1.11125
0.731521
0.669627
1.1394
0.904153
0.89354
0.64953
0.693342
0.913289
0.831429
0.779216
0.736366
1.06988
0.608932
0.980079
0.778097
0.482263
1.0512
0.944851
0.927509
0.937086
0.943962
0.856614
0.818489
1.03277
0.582583
0.894695
1.02587
0.633683
0.674955
0.574326
0.375844
0.923944
0.843405
1.00668
0.798666
0.909031
0.831459
0.981251
0.899221
0.851469
0.778028
0.679619
0.928011
0.823689
0.830874
1.02077
0.63474
0.529325
0.887569
1.02425
0.787267
0.871406
0.6423
0.396956
0.9492
1.06096
0.63649
0.941551
0.966174
0.91962
1.08235
0.825428
0.1
1.01514
1.06237
0.917134
0.647685
0.621165
0.62222
1.15644
1.03886
0.974328
0.580732
0.545412
0.939286
0.788659
0.824399
0.486354
1.00363
1.06164
0.370219
0.801664
0.840396
0.282241
0.949343
0.430353
0.914678
0.621073
0.755017
0.935021
0.779987
0.626789
0.849909
0.782992
1.25707
0.868228
0.76542
0.827998
0.931873
1.03422
0.717613
0.638736
1.23406
0.93437
0.767971
0.674844
0.720751
0.966228
0.856467
0.505506
0.982387
1.052
0.588522
0.97486
0.749372
0.837025
1.10876
0.95856
0.941383
0.892325
1.02546
0.790127
0.938138
1.17209
0.507559
0.978497
1.00949
0.799857
0.807377
0.567077
0.590429
1.04249
0.920738
1.02929
0.939139
0.915396
0.78764
1.0682
0.931798
0.866599
0.85837
0.853198
0.985987
1.0057
0.863003
1.07581
0.713003
0.562189
0.849993
0.965528
0.844046
0.838133
0.647847
0.724949
0.996671
1.05743
0.915338
0.958777
0.841787
0.946088
0.826429
1.1308
0.847444
0.1
0.793526
0.608913
0.69368
0.89842
0.958123
0.58673
0.901089
0.6645
0.821734
0.860202
0.681319
0.832524
0.742289
0.732613
0.910496
0.476601
0.958931
0.965739
0.59453
1.02165
1.06189
0.9796
0.877095
0.954379
0.97078
1.08632
0.779649
1.01463
0.67536
0.62517
0.939895
0.518045
0.993612
0.561598
0.777944
1.04531
0.776701
0.956178
0.661465
0.774134
0.981092
0.651574
0.85754
0.754184
0.682424
1.03299
0.914105
0.943459
0.671515
0.776544
1.17395
1.07883
0.83216
0.826246
0.838229
0.820527
0.515595
0.954485
0.81403
0.863102
1.09231
0.690402
0.875884
0.916586
0.720829
0.516593
0.700904
0.751055
0.789815
0.755499
0.543787
0.760978
0.766433
0.563946
0.773798
0.659647
0.904437
0.768812
0.700994
0.613603
0.698352
0.657048
0.692158
0.511376
0.776151
0.977991
0.664479
1.00246
0.772798
0.818826
0.695646
0.898289
0.915487
0.795619
0.863886
0.793512
0.801165
0.852846
0.717969
0.643807
0.1
0.398341
0.613762
0.736423
0.770273
0.793074
0.9
0.545252
0.743385
0.69496
0.752278
0.593994
0.403891
0.627048
0.646865
0.716306
0.81899
0.822804
0.552478
0.854582
0.935893
0.795082
0.834137
0.844474
0.903863
1.05691
0.620851
0.817914
0.728778
0.558586
0.932203
0.657361
0.752596
0.565149
0.836012
1.05313
0.69335
0.751199
0.899267
0.729333
0.906988
0.536002
0.671905
0.825841
0.674573
0.894717
0.681758
0.985102
0.618566
0.834811
0.954341
0.81634
0.934997
0.790628
0.800963
0.840004
0.742043
0.817336
0.777918
0.744043
0.882155
0.672638
0.872499
0.628726
0.450015
0.493802
0.486517
0.686622
0.676833
0.822306
0.502305
0.815223
0.772591
0.752955
0.827362
0.694776
0.803144
0.542416
0.730375
0.455707
0.732155
0.809639
0.515465
0.465661
0.798246
0.936116
0.633918
0.859293
0.611523
0.591408
0.818874
0.916487
0.63805
0.81355
0.799622
0.785978
0.753915
0.914699
0.727221
0.578451
0.461901
0.1
0.612553
0.730824
0.778541
0.761358
0.873736
0.569408
0.71988
0.69932
0.689061
0.669861
0.524505
0.617844
0.740483
0.676093
0.828049
0.804939
0.45555
0.870138
0.951263
0.812023
0.812276
0.833571
0.870576
1.0133
0.656543
0.843843
0.67107
0.476966
0.869368
0.588542
0.796059
0.474332
0.770641
0.99254
0.648748
0.761117
0.854638
0.695961
0.869274
0.514608
0.691062
0.77817
0.641442
0.888969
0.773498
0.918305
0.591191
0.761464
0.99434
0.861772
0.875214
0.760671
0.786812
0.789217
0.667323
0.788591
0.756568
0.764106
0.908488
0.659178
0.801201
0.662658
0.49255
0.452862
0.536234
0.701565
0.689562
0.768904
0.511655
0.753819
0.722464
0.713105
0.779104
0.621339
0.780112
0.622337
0.70309
0.496082
0.670973
0.756768
0.482578
0.425177
0.742191
0.904089
0.551695
0.870674
0.613771
0.652971
0.756735
0.881225
0.736675
0.734709
1.05774
0.533225
0.75027
1.10794
0.725011
0.929788
1.0147
0.86322
0.1
0.700552
0.944165
0.994582
0.668026
0.800143
0.765712
0.831514
0.991677
0.768207
0.822684
0.566304
0.895861
0.923235
0.766655
0.639087
0.841116
0.884394
0.554075
0.839234
0.509948
0.69326
0.840105
1.01455
0.929302
0.997921
0.899285
0.745371
0.88947
0.777399
0.747453
0.736153
0.921996
1.09698
0.820481
0.773809
1.06201
0.60291
0.925163
0.517421
0.56466
1.04581
0.573937
0.84886
0.973328
1.12763
0.733645
0.88843
0.869146
1.12301
1.1786
0.582083
0.540524
0.770603
0.987576
0.738803
1.08458
0.889596
0.977392
0.7147
0.85379
0.884106
0.711628
0.512082
0.681064
0.80005
0.606037
0.774267
0.822449
0.962694
0.820938
0.895307
1.02156
0.770541
1.07311
0.760295
0.706939
0.9407
0.923889
0.869403
0.732687
0.616715
0.811805
0.638572
0.862129
0.451286
0.553947
0.867126
1.01999
0.719195
0.946046
0.988515
0.865749
0.663491
0.856142
0.856071
0.513837
0.882574
0.893632
0.756886
0.517809
0.1
0.633801
1.01758
0.871981
0.822397
0.534604
0.54111
0.844268
0.710444
0.711851
0.293897
0.882078
0.929076
0.560557
0.490624
0.6967
0.626389
0.827895
0.541331
0.742518
0.520523
0.647246
0.851283
0.767201
0.729422
0.760959
0.606947
0.994728
0.735567
0.623144
0.658347
0.804622
0.91835
0.580053
0.379307
1.08857
0.731612
0.672239
0.470175
0.520453
0.902335
0.687924
0.552651
0.91543
0.94556
0.548825
0.805394
0.75772
0.84231
1.02445
0.762071
0.780641
0.73953
0.901833
0.45767
0.899988
0.981413
0.68145
0.816194
0.783473
0.623856
0.632731
0.432641
0.529486
0.888549
0.75617
0.850115
0.810023
0.816872
0.682154
0.929177
0.870352
0.694954
0.825916
0.747127
0.824825
0.874974
0.766455
0.919135
0.532785
0.476176
0.712791
0.777831
0.694185
0.686432
0.400636
0.704392
0.901267
0.884589
0.847965
0.809225
0.812538
0.87711
0.995232
0.67034
0.484224
0.882061
0.876662
0.756393
0.649577
0.59533
0.1
1.04403
1.00688
0.867809
0.549731
0.236845
0.786741
0.716643
0.683678
0.501875
0.905826
0.950668
0.607317
0.78142
0.678539
0.559923
0.979136
0.501415
0.899068
0.701822
0.756141
0.919983
0.614978
0.455789
0.72479
0.648517
1.15238
0.770127
0.739564
0.709993
0.832445
0.953155
0.572061
0.586186
1.12257
0.871638
0.718097
0.609438
0.695221
0.828898
0.801431
0.639918
0.879717
0.923857
0.472462
0.876882
0.843745
0.574583
0.955011
0.910637
0.913034
0.845076
0.886543
0.739674
0.755007
1.06769
0.535943
0.900027
0.919059
0.614207
0.691594
0.506128
0.476516
0.956161
0.864329
0.95698
0.82368
0.794829
0.711971
0.969509
0.801229
0.766401
0.631454
0.768353
0.916968
0.856141
0.72189
0.986706
0.556049
0.440812
0.779649
0.957312
0.6835
0.869797
0.605415
0.580706
0.865313
1.01849
0.800744
0.808275
1.01554
1.00408
0.858832
1.25604
0.925898
0.564593
0.942055
0.771428
0.712213
0.994882
1.08973
0.1
0.880965
0.680142
0.923258
0.976223
0.861915
0.886033
0.838552
0.805417
0.950771
0.330925
1.03742
1.05164
0.77452
1.11886
1.0707
1.08014
0.890203
1.0311
1.0721
1.19711
0.895586
1.13639
0.823573
0.765659
0.984091
0.631353
1.06916
0.697618
0.905796
1.18381
0.912197
1.06049
0.478272
0.801692
1.10622
0.719371
0.919114
0.908657
0.693483
1.13405
0.963367
1.10621
0.781171
0.895537
1.24528
1.22541
1.00971
0.84103
0.821736
0.892819
0.725272
1.06087
0.979592
0.844214
1.20592
0.650564
0.986639
1.04477
0.807388
0.591044
0.781808
0.700746
0.78549
0.769282
0.583157
0.908235
0.87754
0.385808
0.922765
0.776556
1.07247
0.804714
0.650376
0.731696
0.859176
0.61591
0.817546
0.621777
0.877848
1.01798
0.835799
1.03733
0.845177
0.916807
0.855107
0.888833
0.990081
0.970174
1.08816
0.793663
0.702052
1.30131
0.8678
0.901864
1.11582
0.922548
0.503319
0.888378
1.09544
0.917847
0.1
0.838123
0.859899
0.969428
1.00495
0.91963
0.938386
0.703784
1.03491
0.857652
0.939529
0.859559
0.883084
1.06032
0.812278
1.02361
0.468028
0.861362
0.93253
1.06401
1.02242
1.15649
0.908395
0.795442
0.812253
0.723603
0.991519
0.747913
0.905983
1.11896
0.902413
0.980041
0.947572
0.587534
1.02043
0.631537
0.803697
1.05611
0.482039
1.02055
1.09536
1.14112
0.794448
0.852962
1.13237
1.29337
1.18018
0.511289
0.421485
0.726909
0.95807
0.910873
1.14292
0.930972
1.17217
0.67564
0.848761
1.05717
0.835546
0.537062
0.808532
0.808496
0.693217
0.601764
0.839573
0.967312
0.838236
0.798419
1.03603
0.755099
1.16419
0.876626
0.580758
0.987501
0.945054
0.722218
0.835167
0.660316
0.802638
0.640309
0.905563
0.801703
0.74391
0.994437
1.00483
0.378979
1.08979
1.01436
0.977037
0.779609
0.713691
1.02428
0.797419
0.651381
0.656626
0.58762
0.58749
0.820235
0.923407
0.693331
0.820562
0.1
0.827216
0.826804
0.855146
0.647854
0.597045
0.684749
0.6347
0.643511
0.891618
0.866717
0.683659
0.956881
0.890502
0.904
0.785598
0.896284
0.971189
1.1249
0.772599
0.965977
0.813443
0.653927
0.841179
0.669428
0.818985
0.614267
0.894607
1.13439
0.806429
0.856754
0.818019
0.662406
1.00137
0.560058
0.702679
0.92012
0.607512
0.983807
0.732621
1.08164
0.712924
0.872587
1.01484
1.01548
1.03445
0.722332
0.715704
0.855526
0.794248
0.888405
0.923777
0.454762
1.01256
0.496948
0.90271
0.80641
0.543198
0.528578
0.607438
0.445949
0.548375
0.763833
0.395074
0.897327
0.836508
0.659057
0.921707
0.730523
0.968598
0.533053
0.603102
0.545811
0.831461
0.734199
0.655416
0.557389
0.842617
0.916636
0.752593
0.845083
0.661885
0.739521
0.892282
0.848061
0.74413
0.916243
0.750026
0.89464
0.994619
0.991137
0.549504
0.928375
1.03851
0.856726
0.646135
0.611697
0.670187
1.0873
0.970983
0.954023
0.1
0.579741
0.789705
0.870328
0.848869
0.449054
1.0588
0.988249
0.630368
0.744096
0.728362
0.683681
1.00111
0.669346
0.855767
0.592351
0.491305
0.657517
0.806575
0.774458
0.68439
0.663549
1.14289
0.744056
0.878551
0.716059
0.721246
0.731107
0.513941
0.699427
1.14187
0.864145
0.365532
0.625997
0.764612
0.826993
0.786955
0.553081
1.05373
0.796526
0.425073
0.778211
0.968892
0.934468
0.942577
0.888514
0.902411
0.719324
0.897636
0.674698
0.859276
1.15323
0.784534
0.937951
0.817993
0.824622
0.802224
0.453623
0.655919
1.02578
0.916328
0.916298
0.908227
0.717391
0.560765
0.991951
0.776342
0.709936
0.756679
0.896651
0.926904
0.975972
0.691275
0.974247
0.645713
0.456693
0.643758
0.866216
0.694583
0.887038
0.650753
0.802403
0.841372
0.967499
0.996899
0.739063
0.809116
0.858391
0.981959
0.695346
0.471776
0.882683
0.88035
0.756232
0.637877
0.564623
0.258735
1.04323
0.993934
0.865884
0.528887
0.1
0.788673
0.719181
0.689158
0.47796
0.907689
0.949829
0.590367
0.75526
0.676392
0.54892
0.965966
0.480645
0.883931
0.677447
0.732728
0.90086
0.6379
0.492784
0.722884
0.639012
1.13688
0.76441
0.727743
0.702022
0.822567
0.937532
0.55564
0.556607
1.12024
0.858448
0.69467
0.595702
0.679886
0.833333
0.790533
0.610784
0.888792
0.916205
0.468064
0.864011
0.832895
0.615142
0.958358
0.896599
0.901184
0.829793
0.886526
0.710379
0.771056
1.06231
0.534132
0.893587
0.900473
0.607414
0.68621
0.494875
0.482097
0.952344
0.856118
0.94551
0.824754
0.790022
0.699897
0.966568
0.803753
0.754859
0.648528
0.769722
0.909025
0.86093
0.720064
0.979871
0.545971
0.437662
0.76596
0.938202
0.677647
0.853448
0.587191
0.599493
0.865416
1.00494
0.810592
0.799173
0.500005
1.0077
0.97029
1.09102
0.780123
0.67717
0.923833
0.721662
0.73435
0.854111
0.848757
0.891656
0.997866
0.867428
0.695767
0.763943
0.1
0.89819
0.812172
0.685208
1.04054
0.789792
0.897657
0.955346
0.546923
0.94262
1.12714
0.912994
0.936634
0.897241
0.855918
0.932281
0.736317
0.921532
0.362971
0.602034
1.10393
0.565973
1.01938
0.610168
0.614306
0.83691
0.631447
0.918087
0.929479
0.877995
0.822069
0.685211
0.890257
0.446438
0.782223
0.938488
1.01503
0.64907
0.507093
0.70702
1.17401
1.00413
0.480768
0.920862
0.938225
0.777518
0.540538
0.911238
0.614561
1.08751
1.01515
0.877979
0.851918
0.905294
0.800575
0.486199
0.702749
0.957253
0.923598
0.863301
0.77508
0.488054
0.610058
0.824306
0.453949
0.638669
0.684828
0.879634
0.870213
0.813903
0.371281
0.839131
0.666529
0.393811
0.671814
0.997642
0.539852
1.04331
0.7821
0.811766
0.430952
0.985767
0.985675
0.569952
1.03316
0.808288
0.927168
0.759133
0.682167
0.860161
0.75498
0.728882
0.594388
0.746726
0.803108
0.953207
0.949541
0.682389
0.796223
0.723932
0.933912
0.1
0.510825
0.636935
0.484339
0.88455
0.768086
0.848407
0.77323
0.803657
0.84555
0.749178
0.864247
0.840136
0.962688
1.14002
0.686897
0.800212
0.879298
0.736824
1.09057
0.813313
0.600829
0.749922
0.980992
1.1847
0.812294
0.735581
1.06254
0.813421
0.988437
0.603359
0.611761
0.981803
0.754746
0.889504
0.538202
1.14774
0.702592
0.988366
0.775212
0.826742
1.11888
0.85609
0.82563
0.938291
0.945911
0.87659
0.930065
0.831035
0.821021
0.764161
1.01668
0.685243
0.565108
0.579149
0.43887
0.75425
0.681855
0.943163
0.688656
0.967029
0.882132
0.900613
0.974213
0.847023
0.937301
0.422205
0.821882
0.734093
0.893317
0.951822
0.661671
0.579545
0.914014
0.981868
0.826675
0.782886
0.611985
0.557871
0.990529
0.986139
0.451093
0.996197
0.9139
0.798493
0.861124
0.749905
0.685332
0.73706
0.488813
0.547909
0.611378
0.719347
0.736199
0.866584
0.930902
0.604706
0.746661
0.667017
0.811398
0.491886
0.1
0.618163
0.571236
0.792403
0.78449
0.823207
0.632098
0.809681
0.914259
0.747831
0.853867
0.833555
0.915097
1.07873
0.590435
0.763593
0.777371
0.621696
1.00662
0.722911
0.681701
0.640948
0.887401
1.09298
0.71872
0.714532
0.974046
0.770155
0.920959
0.555791
0.640188
0.872597
0.714517
0.873217
0.595697
1.03552
0.632065
0.894104
0.882804
0.742021
0.993405
0.825128
0.822039
0.878532
0.822413
0.825484
0.80588
0.788443
0.82142
0.721082
0.928144
0.575973
0.455716
0.523768
0.403239
0.724106
0.688689
0.87945
0.583542
0.864598
0.806823
0.822364
0.870249
0.754773
0.816621
0.480226
0.779085
0.568804
0.782595
0.876867
0.543548
0.495973
0.839355
0.95852
0.698166
0.83632
0.59696
0.503086
0.878712
0.954232
0.508118
0.873814
0.873168
0.713304
0.893062
0.92468
0.508816
0.918684
0.969406
0.81427
0.530982
0.363875
0.676499
1.05338
0.881163
0.875328
0.495604
0.578758
0.863514
0.771187
0.778172
0.1
0.949986
0.962418
0.540368
0.512906
0.735954
0.63267
0.846514
0.574549
0.746267
0.430024
0.578647
0.797501
0.810139
0.768698
0.769715
0.644827
1.03458
0.751679
0.70386
0.691363
0.800147
0.88855
0.593049
0.506126
1.11842
0.761018
0.624871
0.516852
0.589431
0.915619
0.7089
0.485066
0.975728
0.939432
0.550057
0.806552
0.798626
0.907933
1.03912
0.782624
0.798138
0.72181
0.927332
0.47247
0.929365
1.04108
0.719306
0.855075
0.786944
0.720467
0.702927
0.438809
0.588287
0.935968
0.800786
0.864776
0.857004
0.819107
0.665984
0.958937
0.878605
0.708451
0.853545
0.80494
0.853401
0.930989
0.77888
0.940895
0.595012
0.4956
0.698388
0.761451
0.725067
0.707284
0.480658
0.759522
0.914278
0.890161
0.914151
0.821404
1.03961
0.807599
0.877014
0.881668
0.743448
0.807133
0.7076
0.692814
0.594911
0.796077
0.871802
0.876961
0.915757
0.575833
0.829803
0.784217
0.9272
0.419727
0.512402
0.672389
0.1
0.818121
0.833446
0.87614
0.762373
0.883302
0.854056
0.830918
0.84829
0.881404
0.991507
1.16295
0.720159
0.883837
0.877409
0.730063
1.03412
0.785631
0.697926
0.726672
0.976451
1.19762
0.834525
0.804061
0.994262
0.777748
1.02098
0.601467
0.651615
0.978818
0.719737
0.948957
0.517972
1.15339
0.724968
0.975558
0.8815
0.917253
1.11143
0.824238
0.792036
0.932764
0.914209
0.906146
0.941811
0.709033
0.918474
0.688398
1.00626
0.747834
0.547992
0.578208
0.51602
0.648066
0.61878
0.903817
0.602351
0.966573
0.889567
0.834996
0.975957
0.83172
0.969924
0.176969
0.761767
0.661004
0.893878
0.898537
0.677312
0.587305
0.913462
0.977663
0.824218
0.808063
0.643635
0.631817
0.977319
0.953811
0.527603
0.996225
0.964197
0.981203
0.832169
1.22575
0.904368
0.485852
0.902918
0.72698
0.703032
0.965693
1.0549
0.348834
0.87481
0.669796
0.892605
0.945063
0.811123
0.873941
0.814587
0.782798
0.942326
0.1
1.01519
1.02213
0.72557
1.09267
1.0657
1.05284
0.877181
1.00619
1.03844
1.15898
0.868681
1.10553
0.779061
0.722873
0.949422
0.582518
1.04825
0.65181
0.860676
1.13681
0.872434
1.0305
0.485663
0.781253
1.06715
0.695293
0.899801
0.864171
0.677074
1.10416
0.955322
1.05434
0.750056
0.848985
1.22644
1.18923
0.957206
0.82457
0.817753
0.860777
0.661815
1.02591
0.937807
0.842467
1.17617
0.649775
0.942312
1.01019
0.78173
0.564681
0.761502
0.710291
0.781665
0.743745
0.565279
0.861811
0.84018
0.386984
0.87914
0.732477
1.02857
0.796829
0.648854
0.700277
0.812335
0.591998
0.781927
0.590986
0.83996
0.996345
0.786805
1.02435
0.822293
0.893909
0.80524
0.877157
0.974157
0.91655
1.007
0.896225
1.0752
0.901807
0.338439
1.03807
1.09708
0.945017
0.620141
0.615167
0.710665
1.17024
1.01604
0.984918
0.604249
0.620995
0.977428
0.803834
0.854346
0.469316
1.01786
1.07643
0.1
0.773748
0.871509
0.45197
0.903495
0.507311
0.885713
0.562903
0.746193
0.93433
0.835534
0.7278
0.881196
0.803393
1.2502
0.8807
0.759084
0.842672
0.949292
1.05212
0.751472
0.650197
1.24637
0.922528
0.787077
0.671509
0.70322
1.00663
0.846514
0.489026
1.00919
1.08554
0.627869
0.98401
0.71102
0.923808
1.15147
0.940587
0.91881
0.884796
1.05301
0.778781
0.996155
1.17464
0.620376
0.976639
1.00874
0.8388
0.821595
0.57076
0.623148
1.04438
0.910737
1.02318
0.956362
0.944964
0.802728
1.07729
0.971231
0.876041
0.928173
0.865419
0.980443
1.03417
0.898062
1.07875
0.740311
0.58936
0.856035
0.931795
0.875395
0.789264
0.638083
0.774707
1.02848
1.03714
0.947354
0.989837
0.897982
0.530852
0.759819
0.97375
0.608066
0.871961
0.918963
0.767134
0.438272
0.453588
0.766581
0.988085
0.776139
0.799217
0.597792
0.665966
0.867966
0.742343
0.749441
0.378121
0.892856
0.903592
0.648034
0.1
0.715001
0.744726
0.763686
0.682381
0.631512
0.532553
0.656582
0.852558
0.831942
0.850019
0.778771
0.606956
0.884455
0.70854
0.673816
0.634798
0.793889
0.922636
0.635269
0.565803
1.05196
0.632705
0.720889
0.404183
0.502143
0.930261
0.605893
0.662415
0.948037
0.964332
0.601639
0.766353
0.820853
0.964046
1.04957
0.653983
0.68976
0.678567
0.8989
0.401934
0.956944
0.933869
0.821217
0.760608
0.706538
0.719582
0.637754
0.403367
0.594754
0.84792
0.697214
0.771067
0.799586
0.830368
0.683592
0.89216
0.899395
0.656845
0.908184
0.755618
0.758514
0.884288
0.790743
0.864726
0.577483
0.506925
0.685524
0.654422
0.714479
0.614158
0.387458
0.776358
0.911329
0.787815
0.895336
0.822668
0.648412
0.832414
0.801751
0.953117
0.714028
0.603275
0.688977
0.485399
0.638512
0.71971
0.746957
0.818288
0.896019
0.708002
0.655865
0.669184
0.558222
0.760003
0.646009
0.598142
0.872824
0.721745
0.81824
0.802749
0.1
0.858455
0.999524
0.806565
0.828086
0.810164
0.804277
0.927045
0.672957
0.833884
0.548296
0.381321
0.913058
0.532548
0.856131
0.426754
0.65884
0.873359
0.542979
0.766843
0.882617
0.733266
0.780985
0.539246
0.739109
0.678473
0.667933
0.854679
0.882029
0.777156
0.509566
0.666867
1.0355
0.874486
0.758506
0.789782
0.825019
0.732082
0.593942
0.759857
0.686248
0.90291
0.906246
0.74237
0.733229
0.707886
0.61046
0.405073
0.582803
0.812763
0.776111
0.768161
0.640676
0.627698
0.625518
0.753343
0.671597
0.542006
0.686086
0.736042
0.75567
0.656497
0.530973
0.768228
0.46795
0.319158
0.65572
0.894417
0.349208
0.909387
0.638704
0.700855
0.650253
0.890777
0.84007
0.567065
0.967114
0.921189
1.08222
0.777322
0.24149
1.00708
1.04284
0.904976
0.651505
0.628693
0.598066
1.14866
1.04419
0.962895
0.598728
0.528055
0.935004
0.767132
0.804045
0.50175
0.982946
1.05465
0.415011
0.812328
0.833533
0.1
0.951714
0.400735
0.922295
0.650103
0.779758
0.958484
0.755711
0.582955
0.849798
0.780252
1.25758
0.868245
0.749291
0.825667
0.938422
1.04953
0.720395
0.63337
1.22878
0.935787
0.788139
0.674477
0.716155
0.962142
0.858209
0.551474
0.957283
1.05835
0.590079
0.981415
0.734222
0.796133
1.10508
0.962146
0.944168
0.903979
1.02054
0.801629
0.9241
1.16098
0.439847
0.973332
1.018
0.779418
0.794993
0.571181
0.568075
1.03311
0.91503
1.03268
0.927439
0.918242
0.797315
1.06324
0.929956
0.869864
0.845542
0.835975
0.98415
0.989782
0.861939
1.07509
0.70519
0.559415
0.859974
0.979069
0.840594
0.842659
0.646836
0.695315
0.99478
1.06391
0.887655
0.960863
1.17841
0.750813
0.922205
1.16453
0.767202
1.02641
1.12096
0.970457
0.407376
0.81499
1.02859
1.07779
0.785013
0.878864
0.856331
0.910067
1.09611
0.791559
0.890323
0.654201
0.931875
1.00877
0.80777
0.817194
0.951376
0.933355
0.1
0.901913
0.675133
0.7862
0.958485
1.13739
0.985026
1.05985
0.999278
0.866215
1.0892
0.88318
0.803382
0.857428
1.04469
1.23585
0.934253
0.875734
1.15565
0.769498
1.04611
0.649208
0.664113
1.13993
0.70803
0.932675
0.996058
1.25841
0.811891
1.03012
0.860489
1.20068
1.2894
0.754434
0.653697
0.903348
1.09416
0.902405
1.17073
0.980403
1.03601
0.80662
1.02905
0.987545
0.808431
0.608858
0.730706
0.865656
0.686338
0.911702
0.896136
1.0738
0.930833
0.982464
1.1174
0.903433
1.1709
0.794405
0.80768
1.02337
1.02944
0.978201
0.841167
0.692956
0.93555
0.811082
0.981046
0.496789
0.671274
0.914369
1.12398
0.849917
0.981483
1.1232
0.925222
0.840093
1.00803
0.710273
0.356309
0.951645
0.955247
0.832156
0.610412
0.535758
0.527637
1.09264
0.993428
0.896495
0.578119
0.456257
0.892539
0.705138
0.732065
0.450738
0.910884
1.00151
0.458682
0.733185
0.772064
0.39534
0.906286
0.1
0.872472
0.622912
0.752937
0.939571
0.718562
0.55759
0.813831
0.715674
1.17231
0.822407
0.655931
0.765301
0.897575
1.01558
0.664961
0.507714
1.17342
0.871365
0.756904
0.609858
0.636461
0.931096
0.804843
0.543603
0.900829
1.02019
0.565359
0.929342
0.690807
0.725965
1.0671
0.901649
0.892811
0.862781
0.970681
0.719858
0.889664
1.08229
0.390596
0.912715
0.952571
0.668942
0.715675
0.531241
0.500305
0.969349
0.851742
0.976771
0.868566
0.881568
0.7649
1.01057
0.90121
0.815212
0.80664
0.774201
0.928207
0.923551
0.821407
1.02148
0.62784
0.520486
0.82037
0.929499
0.780353
0.788342
0.567255
0.642121
0.95619
1.01259
0.823557
0.905976
1.04499
0.66752
0.689862
1.21957
0.794743
0.91206
1.07382
0.890772
0.402027
0.785491
1.0159
0.963797
0.485283
0.833457
0.787891
0.895754
0.980161
0.869699
0.894189
0.620501
0.995654
0.89344
0.851358
0.724885
0.847867
0.973012
0.725041
0.933806
0.1
0.752262
0.840763
0.986305
0.981649
1.08024
0.881459
0.749404
0.804496
0.728061
0.897638
0.719904
0.875105
1.05737
0.837109
0.878631
1.00737
0.547227
0.934975
0.559909
0.708771
1.03451
0.488256
0.91871
1.0606
1.0972
0.747359
0.82268
1.02928
1.21526
1.15915
0.464179
0.447243
0.683001
0.958418
0.79185
1.10668
0.931558
1.07998
0.703853
0.783797
0.976249
0.782721
0.493999
0.755655
0.824865
0.670135
0.653088
0.841093
0.936238
0.791797
0.85016
1.00932
0.723629
1.107
0.843365
0.6474
0.973257
0.912058
0.787562
0.774858
0.625436
0.759375
0.482649
0.862562
0.681047
0.652983
0.942831
0.992072
0.525032
1.04171
0.968292
0.952642
0.785816
0.961397
1.03588
0.542908
0.993765
1.08855
0.915313
0.54166
0.550118
0.792143
1.11845
0.895891
0.952487
0.547397
0.686812
0.939892
0.846368
0.873826
0.362681
1.03608
1.02614
0.542575
0.610353
0.83041
0.685507
0.846027
0.666142
0.753074
0.1
0.573871
0.788315
0.892304
0.861772
0.83326
0.739669
1.11375
0.806835
0.795811
0.771628
0.852627
0.928256
0.696071
0.660513
1.17928
0.814579
0.679704
0.596011
0.66931
0.981043
0.749825
0.512005
1.05695
1.00459
0.613243
0.864139
0.840631
1.02973
1.11284
0.820986
0.819422
0.7403
1.00028
0.62035
1.01442
1.12332
0.810194
0.913007
0.854526
0.85882
0.80041
0.490835
0.671598
1.00128
0.85642
0.907137
0.931529
0.880651
0.70877
1.01582
0.940863
0.775105
0.952499
0.878667
0.900124
1.02259
0.851897
0.990776
0.70913
0.563772
0.737069
0.750595
0.821085
0.715523
0.581658
0.846598
0.978699
0.90648
1.00416
0.909422
0.816254
0.87071
0.964472
1.09999
0.620707
0.951346
1.09711
0.900089
0.616181
0.645833
0.804359
1.09407
0.91312
0.97153
0.430154
0.700172
0.844104
0.912917
0.903262
0.457526
1.09753
0.996529
0.677191
0.711314
0.776517
0.775182
0.971597
0.759416
0.792724
0.541699
0.1
0.533328
0.890462
0.895617
0.726005
0.691813
1.10555
0.738166
0.916059
0.725763
0.709222
0.698208
0.603741
0.759197
1.13911
0.830435
0.457955
0.622105
0.774386
0.883493
0.753023
0.620517
1.10691
0.831298
0.529408
0.742612
1.00683
1.05901
0.998043
0.84211
0.859668
0.6314
0.923552
0.657453
0.952381
1.16012
0.893659
0.929146
0.759937
0.901866
0.834569
0.436671
0.71386
1.02977
0.908884
0.87131
0.932491
0.749212
0.546026
0.988624
0.833261
0.692379
0.884835
0.929203
0.904274
1.01941
0.744609
0.9515
0.699824
0.509987
0.590407
0.769626
0.744524
0.859983
0.661376
0.879349
0.874879
0.903094
1.05817
0.778386
0.812304
0.98621
1.0388
1.21023
0.708619
0.982862
1.18558
0.967802
0.685323
0.785243
0.90485
1.12748
0.961949
1.0388
0.531182
0.795344
0.849551
0.997622
0.983034
0.579357
1.18865
1.02649
0.782552
0.854991
0.826896
0.88031
1.06436
0.8757
0.858739
0.687263
0.494981
0.1
0.946549
0.987594
0.717433
0.754958
1.18698
0.748996
1.03618
0.775853
0.678602
0.592734
0.679366
0.894168
1.16076
0.901941
0.571888
0.70487
0.883267
0.871644
0.805854
0.764019
1.18716
0.785643
0.559869
0.747945
1.13138
1.1616
0.981435
0.910708
0.920921
0.630674
0.934177
0.812051
0.980147
1.24414
1.00922
0.988162
0.819286
1.01603
0.9213
0.482815
0.790168
1.09627
0.985726
0.904999
0.986343
0.725215
0.511499
1.01723
0.814776
0.726067
0.933225
1.00616
0.952777
1.08156
0.748581
0.974594
0.784453
0.546144
0.571557
0.84008
0.792999
0.967114
0.7681
0.955278
0.85981
0.943836
1.14584
0.799408
0.888016
1.00664
1.06266
0.727948
0.689727
0.823537
0.807764
0.730287
0.73189
0.824811
0.703475
0.985442
1.07992
0.832838
0.754763
0.656221
0.782378
0.702215
0.627279
0.683364
0.857422
0.899095
0.816195
0.973566
0.699852
0.809473
1.0773
0.780684
0.997609
0.905729
0.960233
1.10592
0.1
0.679351
0.761674
0.724891
1.23145
0.793192
0.872929
0.756517
0.919485
1.11142
0.746376
0.832819
1.08057
0.946211
0.942009
0.705167
0.820984
0.807165
0.859508
0.908641
0.756881
1.02416
0.599631
0.970575
1.00172
0.641284
0.937055
0.992743
0.979305
0.957938
0.854812
0.953997
0.641356
1.05625
0.820011
0.907812
1.04999
0.759246
0.727516
0.58973
0.519349
0.935401
0.898319
1.01502
0.75635
0.857552
0.82894
0.939637
0.810931
0.84548
0.684959
0.729032
0.939587
0.747855
0.766411
0.998326
0.66543
0.50539
0.891523
1.09178
0.749248
0.997905
0.747277
0.482228
0.862075
1.0964
0.702975
0.904133
0.899069
0.944483
1.06705
0.575256
0.486678
0.931966
0.929469
0.818083
0.684134
0.68313
0.454788
1.08651
1.06065
0.905855
0.632215
0.443864
0.852098
0.712647
0.707504
0.566854
0.91651
0.994072
0.620473
0.864869
0.75526
0.54473
1.00683
0.528563
0.953715
0.761359
0.839833
1.00224
0.592939
0.1
0.791075
0.731867
1.2384
0.829964
0.765963
0.781792
0.911683
1.04816
0.683007
0.670204
1.17189
0.934101
0.818719
0.671048
0.741047
0.879594
0.8553
0.705046
0.864041
1.013
0.546385
0.961562
0.833144
0.524666
1.01662
0.971437
0.959468
0.91784
0.946179
0.841069
0.787466
1.11375
0.488965
0.944837
1.01488
0.694203
0.742443
0.565343
0.48423
0.992228
0.903364
1.02222
0.858075
0.86904
0.788592
1.01507
0.856992
0.844713
0.701877
0.779372
0.965522
0.891977
0.795529
1.0432
0.645779
0.507312
0.857341
1.02508
0.772726
0.907172
0.66677
0.546196
0.925915
1.07799
0.784702
0.90615
0.37399
1.003
0.971225
1.11997
0.771552
0.73244
0.977913
0.767105
0.728137
0.840725
0.853689
0.931043
0.986119
0.901554
0.658407
0.764443
0.39328
0.924306
0.849904
0.667417
1.07653
0.828489
0.884678
0.936131
0.585015
0.936264
1.12395
0.90954
0.920761
0.869288
0.803644
0.85895
0.782667
0.934639
0.1
0.605837
1.10277
0.562717
1.02875
0.617896
0.522869
0.734402
0.60229
0.914139
0.960331
0.874355
0.765003
0.683054
0.892282
0.491147
0.77786
0.912919
1.05778
0.503738
0.480252
0.651717
1.17719
1.0363
0.524093
0.912319
0.933438
0.728389
0.60122
0.886577
0.687275
1.11816
1.01806
0.895386
0.810539
0.924909
0.823403
0.464298
0.722633
0.984676
0.936471
0.85135
0.818055
0.335122
0.531194
0.851081
0.437852
0.610834
0.710763
0.910066
0.878605
0.871642
0.291677
0.845556
0.677868
0.394989
0.605532
0.967628
0.54805
1.03674
0.779278
0.845012
0.445241
0.96906
1.02523
0.497299
0.684284
0.741763
0.72219
0.959208
0.689934
0.657552
0.722559
0.526902
0.587752
0.649508
0.739824
0.838641
0.836596
0.701842
0.619585
0.655181
0.636997
0.750705
0.658496
0.544221
0.866314
0.745332
0.782087
0.705155
0.394713
0.832931
0.943264
0.774831
0.758767
0.748105
0.742474
0.876913
0.722385
0.837621
0.588141
0.1
0.819573
0.528258
0.808716
0.354707
0.639072
0.836413
0.502935
0.707383
0.898151
0.657375
0.729955
0.457661
0.678243
0.741908
0.607916
0.80535
0.898173
0.784638
0.513253
0.610549
0.992513
0.895113
0.828281
0.7159
0.7682
0.668088
0.660893
0.655286
0.769928
0.874442
0.885481
0.710344
0.623026
0.677467
0.576147
0.330536
0.578256
0.794531
0.731256
0.712081
0.66213
0.647803
0.5937
0.75925
0.722888
0.467944
0.741647
0.730235
0.717614
0.705352
0.578685
0.748641
0.414539
0.340809
0.604701
0.812667
0.390104
0.84492
0.570489
0.720916
0.704725
0.828863
0.851872
0.564651
0.915997
0.656033
0.266505
1.12857
0.788042
0.708832
0.867979
0.691887
0.505576
0.762635
0.940334
0.771418
0.614196
0.648727
0.760623
0.83258
0.835095
0.793857
0.763491
0.622924
0.877844
0.701502
0.866978
0.738145
0.678821
0.957077
0.846968
0.906226
0.586308
0.804438
0.847996
0.984532
0.874582
1.01174
0.763857
0.589603
0.1
0.563869
0.863077
0.521084
0.770087
0.992336
0.744596
0.837396
0.819663
0.355853
0.898837
0.468454
0.690251
0.908457
0.3085
0.92541
0.950284
0.982768
0.6818
0.693807
1.04392
1.10522
1.01107
0.447212
0.558466
0.66241
0.777446
0.762347
0.973311
0.734408
1.03811
0.516049
0.658974
0.861957
0.643429
0.419306
0.683301
0.666205
0.584382
0.484593
0.659617
0.821863
0.727018
0.664057
0.89404
0.566003
0.987469
0.74077
0.472429
0.782417
0.786
0.599765
0.650654
0.536482
0.692852
0.694179
0.706934
0.783544
0.6191
0.850753
0.852265
0.608527
0.933348
0.822601
0.745132
0.905173
0.764589
1.18526
0.828695
0.588464
0.925753
0.705721
0.662974
0.854443
0.955081
0.748177
0.824943
0.778733
0.752238
0.850462
0.647713
0.899065
0.8307
0.685038
1.01285
0.649677
0.930171
0.894681
0.596424
1.00677
1.04451
0.967144
0.799115
0.885261
0.85948
0.944028
0.85731
1.03248
0.590773
0.570896
0.84849
0.1
1.00855
0.489817
0.591783
0.874079
0.706806
0.934212
0.746345
0.714118
0.875552
0.617041
0.84982
0.733357
0.618835
0.9773
1.03138
0.796139
0.627392
0.540831
1.17959
1.12886
0.793634
0.754213
0.795085
0.649593
0.528971
0.871826
0.864912
0.955967
1.0935
0.729597
0.683579
0.941136
0.76593
0.426628
0.73878
0.83972
0.815073
0.62052
0.709715
0.638441
0.631279
0.646912
0.726183
0.471081
0.908462
0.855178
0.691497
0.800832
0.622663
0.589384
0.685084
0.482143
0.604039
0.861425
0.606741
0.974007
0.749143
0.884781
0.62649
0.795496
1.01486
0.657304
0.991203
0.668388
0.879328
0.769319
0.58033
0.895623
0.838568
0.757448
0.508124
0.573543
0.724351
1.00304
0.892983
0.754245
0.702494
0.640847
0.924387
0.527102
0.620542
0.511133
0.709894
0.925154
0.634895
0.672609
0.760848
0.686167
0.749617
0.609856
0.778854
0.690635
0.842849
1.03172
0.745662
0.751718
0.853555
0.693776
1.03447
0.795906
0.1
0.721582
0.927533
1.09555
0.737262
0.539947
1.09462
0.754213
0.877442
0.518732
0.407795
0.976935
0.711056
0.740392
0.769478
1.09061
0.655117
0.927452
0.593541
0.825268
1.11151
0.788707
0.773233
0.860332
0.954617
0.716679
0.948122
0.891245
0.707648
0.779419
0.926655
0.610141
0.566303
0.525116
0.447103
0.813467
0.676926
0.90154
0.764407
0.928474
0.816626
0.928507
0.95737
0.795537
0.914489
0.604644
0.815567
0.828362
0.865195
0.946588
0.60691
0.551272
0.844464
0.870657
0.792118
0.631245
0.449895
0.631145
0.980363
0.926064
0.694307
0.943659
0.729397
0.751881
0.654528
1.02938
0.739863
0.598824
0.741863
0.531229
0.589
0.715079
0.822708
0.774897
0.798126
0.668561
0.677963
0.730518
0.654938
0.775332
0.688822
0.591057
0.875067
0.681727
0.83242
0.74873
0.447836
0.894824
0.94771
0.84118
0.739604
0.791969
0.790597
0.914938
0.764995
0.908671
0.608371
0.359221
0.731942
0.460274
0.853968
0.1
0.642575
0.872012
0.594883
0.779014
0.827508
0.615065
0.796039
0.475872
0.710366
0.758168
0.561299
0.869019
0.914521
0.816845
0.569306
0.58519
1.03997
0.974636
0.83944
0.678489
0.738415
0.657381
0.620242
0.719094
0.812146
0.832256
0.957733
0.658119
0.606636
0.756882
0.599441
0.348631
0.622622
0.754404
0.708997
0.642631
0.627503
0.667978
0.62247
0.690785
0.745642
0.424944
0.816065
0.737371
0.65835
0.6907
0.611796
0.67058
0.511552
0.404078
0.612026
0.803982
0.475029
0.861181
0.61181
0.767357
0.700094
0.785614
0.881562
0.611724
0.584033
0.954
0.908444
1.18392
0.779484
0.778611
1.03554
0.81324
0.688622
0.819701
0.904739
0.943859
0.906034
0.91396
0.640447
0.802359
0.618516
0.950084
0.894559
0.640236
1.10406
0.843863
0.878139
0.879438
0.64966
0.952816
1.08189
0.924686
0.842409
0.819916
0.723976
0.748546
0.870948
0.993359
0.483896
0.608127
1.02373
0.521291
1.03019
0.60282
0.1
0.584541
0.615993
0.911774
0.957377
0.813508
0.71677
0.653608
0.874558
0.680387
0.718281
0.89408
1.10631
0.521328
0.531923
0.466755
1.17612
1.11689
0.738606
0.840564
0.873669
0.57441
0.679793
0.831647
0.845546
1.11267
1.05055
0.872469
0.672537
0.958194
0.836365
0.405794
0.755329
0.980346
0.913582
0.762343
0.847872
0.447696
0.400859
0.843371
0.632568
0.516646
0.843151
0.933111
0.836493
0.928607
0.525314
0.795698
0.699594
0.448676
0.41291
0.861895
0.603896
0.994705
0.759002
0.904216
0.600669
0.875809
1.07457
0.521159
0.648919
0.98061
0.990643
1.18508
0.737171
0.890795
1.11158
0.892649
0.697042
0.797607
0.882712
1.04938
0.95211
0.986077
0.556054
0.779509
0.719312
0.975691
0.937694
0.607049
1.15178
0.948077
0.828833
0.871278
0.734525
0.907173
1.08802
0.890964
0.866458
0.761116
0.609647
0.559227
0.895716
0.972213
0.58018
0.679118
1.12573
0.654824
1.03554
0.697377
0.501754
0.1
0.610068
0.897154
1.07493
0.872061
0.594743
0.683132
0.883882
0.74968
0.776183
0.823214
1.14799
0.567815
0.501398
0.626162
1.15736
1.12129
0.835474
0.891357
0.913329
0.598345
0.816085
0.817324
0.887081
1.19255
1.01749
0.944561
0.749243
0.979382
0.881643
0.440194
0.768088
1.05116
0.961927
0.852289
0.924958
0.557781
0.311071
0.945405
0.687427
0.633554
0.850597
0.974229
0.91081
1.00905
0.612516
0.903943
0.733998
0.480242
0.454635
0.866945
0.688577
0.993342
0.765284
0.921706
0.723154
0.928059
1.10924
0.642395
0.607458
0.826988
0.882006
0.931175
0.613973
0.7924
0.873072
0.697043
0.626156
0.601714
0.63172
0.969176
0.920078
0.839707
0.466745
0.552251
0.647884
0.802223
0.738342
0.486582
0.960939
0.872015
0.709422
0.715783
0.545617
0.745181
0.986219
0.697591
0.821537
0.682568
0.627748
0.763872
0.721053
0.757147
0.567096
0.487881
1.00863
0.632875
0.833404
0.568816
0.627675
0.726877
0.1
0.669286
1.02467
0.779007
0.548962
0.545356
0.718823
0.725287
0.713394
0.690914
0.964942
0.70274
0.366641
0.667156
0.977454
0.85047
0.82175
0.819018
0.851467
0.683717
0.757905
0.632278
0.744377
1.03123
0.803386
0.841683
0.707241
0.705668
0.689513
0.372456
0.591734
0.924366
0.838334
0.827743
0.791601
0.609827
0.517158
0.884344
0.683995
0.5818
0.63801
0.812266
0.839561
0.837608
0.549588
0.872433
0.49
0.301999
0.586768
0.850689
0.486235
0.876356
0.600213
0.728456
0.724974
0.913121
0.907779
0.546496
0.88298
0.687336
0.877895
0.766972
0.495776
0.878614
0.853132
0.738102
0.534973
0.357427
0.585099
1.01414
0.899648
0.80391
0.572159
0.500748
0.849012
0.655739
0.662458
0.379244
0.833719
0.927067
0.55544
0.575329
0.695135
0.59164
0.83246
0.481734
0.777047
0.585336
0.712557
0.907378
0.725282
0.670341
0.773998
0.619235
1.02282
0.752148
0.550071
0.671461
0.837294
0.966975
0.60458
0.1
1.09261
0.754994
0.726118
0.488611
0.499112
0.905411
0.709185
0.588437
0.863094
0.975071
0.557941
0.844146
0.704327
0.765479
1.03083
0.790303
0.800001
0.787123
0.906756
0.56401
0.881654
0.965488
0.612451
0.816182
0.836722
0.544649
0.600646
0.462981
0.466812
0.876
0.750052
0.878288
0.792319
0.837668
0.718648
0.932172
0.87763
0.725787
0.808695
0.706723
0.834836
0.84754
0.778245
0.934485
0.519781
0.479864
0.755199
0.831138
0.703706
0.697662
0.405872
0.644517
0.911442
0.917139
0.786352
0.834811
1.01805
1.04541
0.888121
1.3244
0.95354
0.615007
1.03281
0.836618
0.733833
1.02765
1.13148
0.462803
0.878437
0.775073
0.936075
1.0121
0.867798
0.953397
0.910094
0.825359
1.04144
0.444234
1.06653
1.08129
0.806807
1.15551
1.10847
1.11997
0.898527
1.0496
1.07778
1.18995
0.947982
1.18351
0.820472
0.791897
1.01063
0.608958
1.12683
0.71953
0.887428
1.1709
0.931281
1.10337
0.1
0.825748
1.11605
0.749557
0.964096
0.908293
0.705467
1.15989
1.05046
1.09502
0.794068
0.877493
1.29965
1.28887
1.00358
0.8567
0.838831
0.874549
0.719581
1.08787
1.01211
0.94355
1.25338
0.710642
0.984614
1.10396
0.869185
0.596479
0.829617
0.791014
0.842488
0.747907
0.686818
0.898799
0.870092
0.388048
0.920527
0.773828
1.10546
0.881305
0.674451
0.828776
0.862916
0.558693
0.856693
0.637936
0.863944
1.0186
0.857503
1.07424
0.8813
0.975124
0.840723
0.875337
1.07074
0.974044
0.94792
0.576529
0.35918
1.11792
0.7717
0.765169
0.890311
0.72501
0.450701
0.736018
0.935549
0.824559
0.580657
0.668105
0.756441
0.826787
0.873021
0.778244
0.76665
0.602134
0.866833
0.756581
0.84269
0.690957
0.714036
0.93799
0.786312
0.886245
0.521451
0.773644
0.837322
0.984497
0.884767
1.00486
0.795854
0.617961
0.456429
0.619852
0.826055
0.570321
0.803325
1.01097
0.754762
0.811355
0.879264
0.1
0.897338
0.443101
0.646166
0.942229
0.295549
0.903214
0.947623
1.0149
0.691009
0.734941
1.00297
1.10341
1.05248
0.346476
0.498777
0.673851
0.831598
0.734106
0.999197
0.739059
1.02006
0.535967
0.684584
0.85316
0.638412
0.430291
0.675738
0.674767
0.544599
0.546388
0.691654
0.854401
0.744144
0.720731
0.924835
0.610427
1.00491
0.732052
0.504892
0.81385
0.817891
0.667895
0.657428
0.552066
0.713462
0.647114
0.739525
0.720251
0.585245
0.849457
0.894076
0.593016
0.92774
0.858413
0.717893
0.889677
0.970622
1.03857
0.599699
0.911933
1.04381
0.852593
0.642936
0.637071
0.724905
1.07032
0.947508
0.950021
0.307881
0.630542
0.769462
0.889073
0.862391
0.469037
1.07163
0.971117
0.677954
0.741745
0.715904
0.743662
1.0056
0.724668
0.836033
0.608845
0.435909
0.586263
0.828905
0.828291
0.656603
0.645974
1.11181
0.713749
0.904744
0.693768
0.66679
0.646626
0.502418
0.734395
1.1183
0.844304
0.1
0.619267
0.777161
0.810861
0.766464
0.61813
1.07153
0.744163
0.432032
0.724281
1.00706
0.980584
0.919373
0.867035
0.887179
0.667133
0.873321
0.668624
0.867112
1.14694
0.845516
0.925548
0.765935
0.85002
0.807496
0.426391
0.678707
1.01944
0.912119
0.883292
0.903392
0.678381
0.496518
0.972121
0.757438
0.670508
0.778007
0.907046
0.90859
0.975482
0.665653
0.946037
0.649746
0.45
0.582469
0.836655
0.674652
0.894082
0.659966
0.829918
0.813754
0.938378
1.0189
0.69601
0.865005
0.469361
0.615957
0.954406
0.665693
0.76698
0.774991
0.635442
0.458453
0.559932
0.777507
0.882512
0.742499
0.671016
0.653275
0.682581
0.812089
0.687011
0.657263
0.487732
0.796835
0.802493
0.731618
0.519056
0.623661
0.805564
0.790007
0.737813
0.633014
0.673639
0.746468
0.916964
0.786617
0.85954
0.741357
0.509541
0.722486
0.63704
0.672994
0.52284
0.768751
0.943225
0.627787
0.621069
0.952659
0.523746
0.782811
0.1
0.501632
0.887715
0.524336
0.76988
0.873602
0.945944
0.603928
0.723199
0.875567
0.935534
0.997766
0.58532
0.649136
0.68539
0.815678
0.544197
0.90832
0.78718
0.862418
0.646256
0.661823
0.656516
0.505303
0.376671
0.559992
0.732369
0.598656
0.695112
0.685958
0.800295
0.688884
0.795002
0.866234
0.588928
0.879736
0.671925
0.662977
0.764277
0.749539
0.775686
0.494927
0.473864
0.68298
0.702295
0.641577
0.673383
0.402427
0.735218
0.858796
0.753453
0.825704
0.775081
0.970389
0.515336
0.786185
0.877203
0.61358
0.870557
0.841303
0.73914
0.433751
0.537037
0.76537
0.971533
0.81517
0.727657
0.688077
0.672548
0.909392
0.601398
0.654231
0.481387
0.744613
0.894768
0.660807
0.561243
0.738963
0.737065
0.696503
0.664243
0.692265
0.653124
0.801882
0.99051
0.788955
0.8179
0.834112
0.654324
0.928658
0.755763
0.455178
0.675419
0.887044
1.05306
0.715228
0.548606
1.0555
0.663238
0.848119
0.435365
0.1
0.968522
0.637891
0.739404
0.826563
1.05994
0.651371
0.870697
0.693194
0.902688
1.09715
0.69648
0.696379
0.799053
0.928477
0.634872
0.963063
0.842894
0.78385
0.724804
0.84681
0.644397
0.544402
0.483625
0.513067
0.776331
0.613891
0.82981
0.748931
0.902664
0.782253
0.889983
0.946937
0.74113
0.930812
0.63145
0.754546
0.826692
0.846535
0.892582
0.586811
0.540539
0.796466
0.78043
0.764834
0.549968
0.345465
0.699265
0.959311
0.847159
0.767912
0.908163
0.597857
1.1089
1.08067
1.16503
0.8223
0.768278
1.04137
0.835971
0.792884
0.936004
0.91712
0.963986
1.07536
0.957073
0.746415
0.82744
0.456941
0.968065
0.895466
0.743846
1.12694
0.862503
0.947723
1.05048
0.680788
0.994645
1.20235
0.976669
1.01356
0.960131
0.91855
0.980985
0.778521
0.975555
0.462525
0.718194
1.2335
0.655465
1.10517
0.723286
0.692414
0.894695
0.724246
1.00431
0.997766
0.971724
0.888366
0.766873
0.972107
0.1
0.862104
0.999678
1.08371
0.702606
0.551432
0.807903
1.24899
1.07952
0.322837
1.01007
1.01416
0.848886
0.642342
1.01034
0.623168
1.19298
1.07914
0.963301
0.965156
1.00655
0.89444
0.554607
0.764436
1.04297
1.00748
0.95133
0.856804
0.556875
0.670562
0.896652
0.343106
0.745145
0.738626
0.953569
0.951376
0.906142
0.508768
0.918641
0.765952
0.476415
0.745014
1.07919
0.680866
1.12166
0.86151
0.870772
0.4631
1.06493
1.0597
0.712114
0.96193
0.658555
0.382253
1.16765
0.802806
0.764145
0.933343
0.756536
0.483589
0.784078
0.976367
0.808158
0.537068
0.693129
0.781367
0.86386
0.882455
0.818812
0.806149
0.634948
0.909613
0.742792
0.877751
0.748917
0.736563
0.976876
0.820027
0.929047
0.524493
0.807465
0.861108
0.998367
0.912564
1.04497
0.803206
0.646286
0.440549
0.607941
0.883014
0.587933
0.804008
1.02092
0.783336
0.864039
0.851225
0.329133
0.924131
0.499341
0.703264
0.949314
0.1
0.941179
0.982626
1.02364
0.709939
0.731248
1.05398
1.15036
1.05802
0.348197
0.489894
0.667121
0.829172
0.78596
1.01941
0.769412
1.06575
0.536507
0.69576
0.907136
0.688494
0.445855
0.711608
0.689139
0.585282
0.477451
0.706568
0.860531
0.752874
0.696134
0.932802
0.614899
1.03365
0.768543
0.462591
0.83758
0.829293
0.62241
0.69745
0.569463
0.715962
0.653653
0.761659
0.766948
0.638185
0.885065
0.894774
0.536917
0.968566
0.873586
0.908485
0.857808
1.0181
0.930811
0.410435
0.987988
1.0598
0.89727
0.608098
0.538998
0.664327
1.12944
0.975251
0.960619
0.472397
0.570602
0.903394
0.823801
0.841551
0.377656
1.02499
1.03398
0.43618
0.70094
0.805539
0.535859
0.922861
0.535712
0.845368
0.472968
0.606252
0.806721
0.822886
0.733685
0.804446
0.732511
1.17891
0.818331
0.785199
0.7785
0.854725
0.923396
0.648842
0.611828
1.19646
0.874486
0.635712
0.626479
0.697565
0.938355
0.802887
0.1
1.02458
0.974425
0.551419
0.88968
0.818219
0.915978
1.07122
0.893841
0.890666
0.798604
0.987473
0.673553
0.9436
1.14949
0.668726
0.946291
0.907234
0.805063
0.795078
0.50959
0.625231
1.02435
0.895411
0.961711
0.928826
0.856238
0.705366
1.03431
0.897589
0.79599
0.858233
0.869638
0.943382
1.00306
0.817058
1.02463
0.680994
0.532394
0.761194
0.868387
0.795188
0.799912
0.605233
0.781225
0.954531
0.986028
0.962617
0.886911
1.06929
0.937649
1.00133
0.851807
0.761279
0.847656
0.780314
0.756682
0.673646
0.864083
0.885889
0.929748
1.014
0.693962
0.863983
0.803339
0.946604
0.485666
0.557756
0.721508
0.540887
0.867565
0.864553
0.973551
0.805683
0.90021
0.954975
0.859723
0.94499
0.940683
1.04663
1.21616
0.665578
0.871842
0.902202
0.791337
1.17305
0.836551
0.791111
0.793833
1.02404
1.24991
0.876668
0.870787
1.04969
0.88906
1.06859
0.687865
0.755527
0.985349
0.812145
0.992744
0.1
1.19179
0.742209
1.0414
0.934767
0.894929
1.12463
0.933146
0.894266
0.999742
0.94681
0.992848
0.922366
0.871746
0.930747
0.799177
1.09489
0.811459
0.662934
0.625975
0.533636
0.770897
0.757468
0.992879
0.66573
0.998459
0.93175
0.895941
0.987118
0.897591
0.968541
0.473737
0.858971
0.697806
0.920097
0.972894
0.735632
0.611071
0.968262
1.07242
0.869732
0.910257
0.72891
0.58668
0.99999
1.04934
0.438386
1.04445
0.449604
1.012
0.997427
1.15917
0.761282
0.817516
1.05624
0.839334
0.727068
0.833962
0.869254
0.996661
0.98628
0.955549
0.61376
0.773954
0.568374
0.960637
0.90294
0.650595
1.12716
0.893957
0.868288
0.924998
0.664857
0.929284
1.12558
0.909186
0.912978
0.835806
0.735692
0.751829
0.839298
0.954716
0.408116
0.647599
1.13273
0.606987
1.0474
0.664131
0.455167
0.576474
0.599187
0.919005
1.02165
0.889308
0.694282
0.695716
0.903718
0.599923
0.79044
0.882129
1.11242
0.1
0.468998
0.633077
1.18345
1.08185
0.659418
0.9193
0.939986
0.682249
0.710207
0.871521
0.777541
1.17109
1.0249
0.9326
0.79426
0.96236
0.864288
0.458754
0.752121
1.03086
0.964129
0.863248
0.880669
0.332572
0.424954
0.90443
0.525158
0.623888
0.765256
0.953157
0.906898
0.94955
0.454791
0.881135
0.712832
0.432594
0.539181
0.941581
0.617485
1.03493
0.786411
0.888258
0.572025
0.965391
1.07683
0.537109
0.57216
0.948293
1.00165
0.959498
0.622402
0.849239
0.965594
0.786095
0.693338
0.703234
0.641821
1.03149
1.00676
0.921308
0.473276
0.572066
0.641086
0.860655
0.804065
0.555438
1.03671
0.930911
0.733645
0.839928
0.631009
0.754719
1.06577
0.732826
0.910603
0.743982
0.679205
0.77762
0.716483
0.747568
0.556485
0.613413
1.14795
0.694766
0.918247
0.672134
0.668704
0.736062
0.447322
0.763761
1.08618
0.884787
0.579466
0.647487
0.811014
0.681786
0.801431
0.725157
1.01456
0.675981
0.1
0.756025
1.03828
0.866144
0.78588
0.920689
0.936413
0.759476
0.79585
0.774083
0.692438
1.1342
0.822457
0.92731
0.839932
0.80435
0.784238
0.461937
0.637798
1.00727
0.927021
0.919092
0.85772
0.601592
0.547244
0.948464
0.628903
0.684589
0.547989
0.877396
0.923071
0.903186
0.543488
0.946959
0.608409
0.360902
0.652268
0.946496
0.589595
0.962154
0.69773
0.754289
0.720774
1.00138
0.960233
0.622528
0.690783
0.863318
0.786042
1.16808
0.775647
0.739816
0.983343
0.764718
0.632633
0.780854
0.906799
0.887637
0.8117
0.848098
0.65761
0.801928
0.677948
0.910485
0.857494
0.614733
1.04877
0.792167
0.865815
0.807572
0.626411
0.94775
1.01435
0.910737
0.753893
0.790779
0.721732
0.785836
0.874421
0.996573
0.573667
0.553846
0.875486
0.455349
0.97961
0.523734
0.445553
0.697209
0.623654
0.874514
0.900429
0.708426
0.741506
0.586381
0.816844
0.755464
0.622916
0.885406
1.06972
0.694184
0.571542
0.1
1.13552
1.1114
0.826319
0.735842
0.788052
0.485915
0.679599
0.768611
0.886229
1.02395
1.04148
0.790385
0.507312
0.919598
0.779447
0.339873
0.732931
0.906305
0.836614
0.643468
0.79671
0.582748
0.486592
0.780523
0.722178
0.371627
0.88404
0.885901
0.747926
0.885884
0.601258
0.709494
0.66289
0.457612
0.396859
0.769574
0.59221
0.929005
0.705948
0.8902
0.673412
0.774467
1.03972
0.573223
1.08452
0.821751
1.0243
0.839511
0.545884
1.01264
1.02047
0.906105
0.564012
0.668078
0.792168
1.11827
0.976189
0.89461
0.741681
0.702578
1.01897
0.65038
0.768956
0.554576
0.859646
1.03563
0.571567
0.785706
0.880516
0.645231
0.769567
0.616231
0.854833
0.699291
0.887299
1.07892
0.819006
0.783857
0.934408
0.81449
1.20058
0.889959
0.569961
0.840395
1.01353
1.17286
0.827686
0.663146
1.20856
0.876649
0.935611
0.643496
0.59267
1.05659
0.811352
0.739734
0.871114
1.18027
0.708217
1.02928
0.1
0.918439
1.2058
0.897479
0.857352
0.935574
1.06225
0.830746
1.03212
1.05417
0.703827
0.900663
1.04569
0.794448
0.742427
0.596067
0.558245
0.941787
0.803158
1.00789
0.887953
1.01161
0.884121
1.03594
1.03273
0.900566
0.998825
0.734749
0.923389
0.967186
0.952991
1.05355
0.740589
0.622416
0.921611
0.94297
0.906486
0.673143
0.596322
0.715026
1.07008
1.01339
0.812364
1.05245
0.875289
0.909633
1.01401
0.482624
0.565026
0.863501
0.809202
0.729388
0.670788
0.688723
0.503198
1.01967
1.03197
0.830203
0.66475
0.48521
0.80948
0.643634
0.601856
0.583613
0.829544
0.931111
0.685989
0.855241
0.691771
0.649208
0.992747
0.601465
0.933847
0.792466
0.865031
1.02626
0.491737
0.461221
0.76459
0.682875
1.17752
0.7907
0.73433
0.731578
0.892734
1.0527
0.669889
0.668943
1.11019
0.893444
0.844954
0.637658
0.71378
0.848035
0.820183
0.767682
0.773939
0.999821
0.552368
0.933916
0.85165
0.1
0.978872
0.936927
0.929397
0.90652
0.890404
0.833291
0.734611
1.03424
0.609349
0.888798
0.985815
0.605295
0.667503
0.548421
0.400782
0.925559
0.853185
0.983686
0.781931
0.848218
0.785202
0.957904
0.834081
0.810646
0.672115
0.705101
0.918293
0.795379
0.765249
0.995054
0.587309
0.479085
0.846424
1.01425
0.723274
0.897591
0.644061
0.414143
0.889197
1.04964
0.683289
0.873279
0.591215
1.09959
1.06124
1.18152
0.830809
0.748349
1.03966
0.82959
0.786607
0.936347
0.93171
0.943882
1.05767
0.947978
0.750115
0.838948
0.437817
0.971395
0.898487
0.743733
1.12676
0.842282
0.954314
1.04405
0.672602
1.00602
1.19629
0.985968
0.999725
0.959016
0.914479
0.973533
0.796938
0.993671
0.438702
0.707906
1.20935
0.626841
1.10722
0.706973
0.66443
0.880026
0.724519
1.00746
0.971392
0.956142
0.888354
0.759715
0.96977
0.290195
0.846481
1.00521
1.08908
0.683387
0.561273
0.780048
1.25442
1.09865
0.1
0.993991
1.00043
0.829073
0.606651
1.00457
0.661757
1.18062
1.09275
0.949
0.9432
1.01118
0.891168
0.544728
0.770627
1.03167
0.998031
0.927415
0.848171
0.531059
0.657469
0.874858
0.368336
0.723166
0.767116
0.953192
0.933967
0.90182
0.496383
0.892427
0.764798
0.476838
0.725386
1.064
0.67123
1.11671
0.858846
0.882793
0.390716
1.0449
1.0666
0.693277
0.985997
0.610698
0.48623
1.16549
0.789172
0.814276
0.963396
0.790404
0.43456
0.764466
0.974793
0.862627
0.504071
0.726482
0.775364
0.861007
0.912995
0.816579
0.818969
0.61712
0.916371
0.796119
0.856647
0.712328
0.766688
0.96167
0.768702
0.914458
0.44162
0.777492
0.846678
0.991279
0.925458
1.04219
0.827809
0.670765
0.577242
0.652313
0.861581
0.626862
0.827635
1.03057
0.791146
0.847061
0.909739
0.345498
0.918947
0.492583
0.676516
0.976547
0.311268
0.920611
0.991936
1.04638
0.716495
0.761264
1.02405
1.15444
1.09125
0.1
0.433338
0.671138
0.874093
0.76437
1.04241
0.801884
1.05345
0.58194
0.714503
0.908364
0.698367
0.45419
0.711563
0.719317
0.580121
0.54787
0.744076
0.884676
0.763111
0.752914
0.956892
0.648257
1.04897
0.774902
0.524971
0.873202
0.85401
0.688904
0.708023
0.582406
0.728521
0.596127
0.78824
0.714092
0.618033
0.890226
0.928098
0.524243
0.974728
0.900516
1.08678
0.700272
0.657082
1.23178
0.833339
0.888294
1.05046
0.879235
0.432758
0.841816
1.05184
0.906398
0.444613
0.773421
0.846491
0.930899
1.00084
0.846745
0.877291
0.67535
0.9469
0.848811
0.900053
0.807783
0.860918
1.01548
0.715154
0.974153
0.455281
0.834184
0.929662
1.07899
0.982291
1.10796
0.910756
0.77318
0.779755
0.738147
0.90825
0.732379
0.925141
1.13701
0.884312
0.922265
0.958133
0.532885
1.01182
0.584645
0.726497
1.05522
0.464602
0.986961
1.02275
1.15205
0.782866
0.876716
1.05241
1.23306
1.18264
0.463615
0.1
0.766018
0.959565
0.871892
1.12033
0.836326
1.11676
0.614097
0.861301
0.993156
0.769692
0.533688
0.758871
0.733552
0.584099
0.655457
0.794589
0.975358
0.849161
0.79895
1.03688
0.762468
1.137
0.80261
0.556172
0.938381
0.942622
0.753404
0.796242
0.647163
0.823988
0.665621
0.889409
0.713088
0.686226
0.941716
1.01226
0.547275
1.01682
1.01291
0.831941
0.85844
0.819778
1.23233
0.782641
0.860939
1.0916
0.873267
0.605175
0.789429
0.963296
0.97566
0.761729
0.916393
0.668963
0.848531
0.820662
0.953041
0.928637
0.605839
1.10609
0.884822
0.858336
0.786666
0.756247
0.96251
0.980787
0.931957
0.689112
0.7462
0.674836
0.728305
0.951446
1.04907
0.70414
0.665719
0.92032
0.598126
1.0017
0.645693
0.601227
0.732556
0.702753
0.89833
0.989436
0.714615
0.751394
0.611021
0.825821
0.874264
0.625147
0.875581
1.13306
0.824318
0.630706
0.532757
1.13829
1.1903
0.968542
0.713753
0.758549
0.1
0.829838
0.766676
0.997312
1.08396
1.07442
0.832067
0.554785
0.986808
0.839602
0.388723
0.777769
0.956356
0.857024
0.656926
0.877962
0.718344
0.54693
0.857824
0.835671
0.548093
0.986109
0.935189
0.774944
0.986245
0.737682
0.772989
0.738916
0.537646
0.442833
0.651553
0.732803
0.897801
0.7183
0.951663
0.813723
0.714875
1.10329
0.749731
0.71399
0.996183
0.898495
1.16317
0.842637
0.507942
0.902422
0.692285
0.724494
0.903685
0.947903
0.742862
0.942212
0.797965
0.782438
0.850466
0.535699
0.901
0.815408
0.728012
1.01598
0.638778
0.957389
0.980118
0.576544
1.01901
1.1142
0.983515
0.907141
0.94555
0.927611
1.01591
0.796592
1.01395
0.546959
0.618787
1.01653
0.45969
1.04275
0.572793
0.668872
0.941785
0.731505
0.971462
0.762754
0.828351
0.924659
0.681778
0.900227
0.621201
0.728517
1.01618
1.00547
0.805703
0.620539
0.702162
1.21233
1.0953
0.662902
0.873177
0.89107
0.77876
0.1
0.953166
0.756913
1.00619
1.09784
0.79756
0.846315
0.952225
0.791066
0.498766
0.734128
0.878939
0.876614
0.782367
0.695454
0.629983
0.688099
0.683373
0.645266
0.619793
0.849452
0.858378
0.784905
0.754425
0.578846
0.711769
0.705311
0.474674
0.707028
0.985137
0.611944
1.04419
0.800041
0.855142
0.514986
0.92783
0.993527
0.688287
0.830548
0.617218
0.780001
0.952854
0.591352
0.84981
0.899911
0.741101
0.496564
0.417803
0.715562
0.982701
0.810609
0.80764
0.53581
0.618119
0.816591
0.756068
0.741029
0.345317
0.910446
0.894205
0.643187
0.39651
0.667816
0.724744
0.83109
0.660754
0.67954
0.533732
0.598858
0.798373
0.804022
0.815077
0.72786
0.556867
0.900876
0.681243
0.707899
0.601645
0.740636
0.853118
0.554323
0.547039
1.04343
0.66257
0.641016
0.41739
0.559271
0.88246
0.626512
0.627842
0.953182
0.895654
0.548326
0.719385
0.855834
0.925822
0.99561
0.691637
0.733451
0.652414
0.862075
0.1
0.90892
0.958473
0.796728
0.779887
0.662418
0.691105
0.639464
0.363259
0.585194
0.868308
0.736309
0.773834
0.79611
0.774295
0.626959
0.88808
0.848749
0.615422
0.846557
0.769969
0.77656
0.87061
0.734676
0.860761
0.52959
0.461866
0.636682
0.691997
0.654837
0.695576
0.426956
0.759813
0.865246
0.813323
0.896681
0.751955
0.708944
1.06426
1.07607
0.975034
0.748055
0.776563
0.916973
0.760906
0.76962
0.873722
0.781571
0.972507
1.08844
0.899182
0.726253
0.717037
0.590405
0.858388
0.774274
0.707211
1.01396
0.876
0.877812
1.01097
0.645392
0.893889
1.15468
0.873243
1.01418
0.928929
0.926675
1.03265
0.580455
0.816952
0.60539
0.698167
1.23674
0.723038
1.00311
0.725549
0.805841
0.992307
0.696377
0.914901
1.04051
0.96418
0.88939
0.734789
0.904558
0.5844
0.86613
0.940563
0.94875
0.855289
0.525467
0.887603
1.14053
0.873
0.701322
1.0087
1.00712
0.905956
0.733521
0.973747
0.1
1.1346
0.945555
0.942191
1.00329
0.880609
0.813886
0.565262
0.656119
0.998212
0.96385
0.989488
0.802834
0.705274
0.739909
0.919196
0.602972
0.788388
0.555769
0.858992
0.952648
0.815096
0.607191
0.963906
0.694639
0.449312
0.815554
1.09206
0.671853
1.07121
0.805759
0.714992
0.68651
1.09076
0.914324
0.779209
1.01804
0.742449
0.674287
1.06595
0.807047
0.714094
0.759902
0.667101
0.552253
0.825073
0.956938
0.726752
0.768847
0.388475
0.841397
0.854269
0.902692
0.666256
0.657817
0.686037
0.661806
0.683314
0.894739
0.85405
0.735394
0.97089
0.837299
0.919007
0.740768
0.889819
0.97594
1.13312
0.825027
0.999959
0.849025
0.687493
0.804876
0.692582
0.816609
0.645563
0.916835
1.15439
0.83427
0.867526
0.839851
0.619888
1.01751
0.55539
0.687377
0.964809
0.570668
0.990772
0.776996
1.1157
0.738242
0.887655
1.0072
1.06641
1.08425
0.673714
0.653979
0.852152
0.84394
0.888939
0.981172
0.1
1.0349
0.417998
0.905976
0.84416
0.577613
0.535783
0.635819
0.333276
0.449724
0.743735
0.509568
0.929995
0.853437
0.675344
0.962105
0.746994
1.01917
0.558214
0.551791
0.657691
0.870567
0.731371
0.690149
0.585703
0.853247
0.884212
0.795268
0.804658
0.657479
0.782683
0.933705
0.805825
0.789669
0.953226
0.94046
0.892538
1.04713
0.639373
0.382372
0.961415
0.961671
0.844547
0.643566
0.613092
0.514059
1.10468
1.03024
0.91021
0.61478
0.462225
0.899536
0.701507
0.729942
0.510801
0.913268
1.01326
0.509704
0.801422
0.786839
0.396716
0.943527
0.357844
0.914107
0.687364
0.803774
0.981764
0.685373
0.470286
0.825594
0.741881
1.21777
0.842261
0.692022
0.78994
0.924085
1.05156
0.695153
0.58812
1.18898
0.909044
0.801637
0.646236
0.681848
0.932187
0.83631
0.617247
0.884449
1.04252
0.575708
0.963203
0.717474
0.668453
1.07157
0.94127
0.927037
0.901079
0.981672
0.788626
0.873592
1.10481
0.1
0.935632
0.999084
0.690489
0.736186
0.558029
0.491484
0.986679
0.878219
1.01021
0.876001
0.898464
0.792875
1.02634
0.905099
0.846112
0.794539
0.776996
0.954105
0.925423
0.833622
1.04539
0.653421
0.531909
0.853575
0.979871
0.800467
0.835698
0.616955
0.607164
0.965642
1.05066
0.805207
0.931609
1.01403
0.749349
0.578921
1.14294
0.834052
0.704324
0.846663
0.708455
0.547494
0.84785
0.9981
0.690101
0.688729
0.516396
0.847252
0.888835
0.901659
0.754885
0.740914
0.696565
0.791254
0.649594
0.921175
0.858844
0.746111
1.00799
0.851177
0.958969
0.691038
0.895156
0.96781
1.11514
0.876882
1.05021
0.841487
0.688793
0.692221
0.653192
0.881686
0.629139
0.889677
1.13228
0.841877
0.906191
0.780622
0.552462
1.01656
0.561255
0.72859
0.964965
0.490505
1.00991
0.879309
1.10012
0.747026
0.846851
1.06489
1.13416
1.07935
0.601815
0.591995
0.809361
0.826739
0.893398
1.00872
0.509304
1.08504
0.1
0.862055
0.905079
0.647572
0.521359
0.690782
0.443009
0.489524
0.650412
0.568552
0.916521
0.836704
0.612441
0.960408
0.713084
1.04824
0.668491
0.405256
0.726576
0.867119
0.639827
0.718078
0.593389
0.823873
0.8383
0.79811
0.822299
0.683838
0.847583
0.920407
0.721185
0.887672
0.941821
0.766295
0.737674
0.683994
1.11635
0.734436
0.762864
0.939213
0.736057
0.558155
0.69521
0.868612
0.893509
0.738903
0.802112
0.632628
0.764163
0.746753
0.855845
0.813696
0.550369
0.988041
0.80349
0.811303
0.681163
0.630468
0.898139
0.925645
0.853131
0.657817
0.715561
0.676015
0.787371
0.864084
0.960806
0.65162
0.5184
0.759689
0.52546
0.894313
0.498128
0.58708
0.764275
0.605498
0.792536
0.923178
0.604629
0.717548
0.493488
0.726903
0.824343
0.544011
0.825315
1.02696
0.797729
0.580471
0.466039
1.05324
1.07147
0.913571
0.632572
0.708514
0.464649
0.748905
0.647745
0.915158
0.954717
0.986671
0.735986
0.1
0.852007
0.713707
0.255654
0.691023
0.854266
0.760585
0.599852
0.773483
0.679306
0.54399
0.785772
0.792842
0.386419
0.895658
0.834425
0.698072
0.865618
0.669116
0.714915
0.61157
0.46293
0.472098
0.659136
0.606173
0.831626
0.618036
0.85715
0.76494
0.706023
0.992019
0.647855
0.846076
0.723377
0.848786
0.681993
0.58091
0.79172
0.670281
0.604838
0.572822
0.550789
0.577035
0.938355
0.911176
0.711646
0.632754
0.514212
0.786876
0.575482
0.503999
0.50171
0.728862
0.853964
0.671359
0.688357
0.604352
0.683806
0.881501
0.596288
0.810611
0.713527
0.794816
0.96834
0.622757
0.653101
0.736135
0.558595
0.988874
0.712415
0.585117
0.614082
0.826574
0.991559
0.599577
0.513029
1.0264
0.746075
0.78969
0.48603
0.550998
0.852561
0.699654
0.727222
0.756051
0.959016
0.552473
0.833932
0.793656
0.650631
0.971555
0.796179
0.809009
0.811829
0.835183
0.670549
0.797618
0.882336
0.676657
0.766248
0.84531
0.1
0.479307
0.466068
0.348555
0.807959
0.718089
0.862788
0.694978
0.810752
0.730124
0.87161
0.835692
0.703705
0.741893
0.615933
0.801721
0.717154
0.73432
0.893569
0.415592
0.439244
0.767712
0.886758
0.637575
0.772048
0.477037
0.531144
0.860537
0.928111
0.664935
0.798687
0.893057
0.64825
0.724963
0.842655
0.677688
0.722466
0.55118
0.518834
0.535891
0.645197
0.751771
0.842247
0.836863
0.554996
0.712665
0.670343
0.807415
0.548772
0.459636
0.564747
0.616981
0.767701
0.761757
0.706046
0.602851
0.808167
0.837901
0.737914
0.754801
0.770984
0.853512
1.02041
0.690654
0.809135
0.760426
0.549174
0.853189
0.6734
0.627241
0.563332
0.837632
1.03703
0.677535
0.653315
0.93904
0.647081
0.870323
0.433209
0.537688
0.879977
0.616916
0.832709
0.715476
1.00041
0.622524
0.820217
0.860131
0.832391
0.994805
0.710053
0.728442
0.802191
0.805419
0.717997
0.855302
0.697154
0.836384
0.63627
0.820765
0.552133
0.1
0.464282
0.459857
0.664312
0.587074
0.786854
0.579599
0.837293
0.761268
0.781611
0.87042
0.67826
0.847583
0.516088
0.695231
0.618666
0.7659
0.810669
0.479296
0.480086
0.777376
0.855026
0.658177
0.747516
0.493826
0.619173
0.866733
0.858715
0.656693
0.827163
0.718483
0.72072
0.711817
1.05083
0.694423
0.753115
0.887321
0.691597
0.559956
0.636757
0.799963
0.901319
0.783505
0.787057
0.584111
0.701956
0.711384
0.82066
0.769416
0.510433
0.955199
0.80916
0.772427
0.641594
0.575523
0.847711
0.923432
0.797746
0.691798
0.686475
0.644394
0.773876
0.817714
0.89975
0.621721
0.448068
0.8
0.542488
0.848961
0.467777
0.584618
0.744863
0.524236
0.729876
0.942081
0.6293
0.661652
0.462105
0.692817
0.795762
0.577881
0.775613
0.991165
0.766215
0.532716
0.50783
1.01133
1.00009
0.885319
0.667953
0.735517
0.534007
0.737452
0.581615
0.866883
0.94659
0.925706
0.745181
0.403774
0.781869
0.672329
0.1
0.647885
0.851872
0.757861
0.663191
0.757289
0.652995
0.522373
0.80198
0.762906
0.399769
0.830538
0.806475
0.723921
0.834248
0.628471
0.752502
0.541816
0.41374
0.488548
0.702762
0.538979
0.819908
0.576717
0.80921
0.747928
0.762408
0.948822
0.590082
0.916512
0.799507
0.925051
0.54371
0.587862
0.833716
0.706937
0.6687
0.606206
0.637697
0.609294
0.96969
0.962767
0.735536
0.690971
0.555175
0.841098
0.501449
0.477393
0.55945
0.686818
0.888268
0.684817
0.78015
0.680892
0.682703
0.899418
0.60814
0.865339
0.767185
0.86657
1.04028
0.582496
0.620783
0.792074
0.651768
1.08022
0.770265
0.582262
0.692407
0.898587
1.07377
0.688161
0.597589
1.06656
0.812809
0.867627
0.564932
0.598114
0.893463
0.755346
0.775462
0.68009
1.03437
0.600383
0.916179
0.763481
0.581577
1.0223
0.859075
0.852695
0.882762
0.887678
0.778181
0.817275
0.913429
0.656514
0.804995
0.944195
0.467542
0.541528
0.527545
0.1
0.829291
0.748753
0.928182
0.714647
0.874269
0.797011
0.909601
0.880959
0.783565
0.78185
0.583612
0.846585
0.73238
0.795696
0.946377
0.541261
0.495387
0.840292
0.955238
0.723024
0.803567
0.555085
0.420765
0.912472
0.986375
0.561838
0.886058
1.05067
0.799711
0.716439
1.11391
0.838474
0.724132
0.816607
0.712871
0.578128
0.871637
1.00096
0.702828
0.778727
0.439118
0.874259
0.894221
0.928033
0.704159
0.703171
0.719432
0.703528
0.671272
0.929525
0.90471
0.771655
1.00964
0.862713
0.961359
0.764889
0.926495
1.01235
1.1676
0.853018
1.04087
0.873319
0.727828
0.85016
0.709503
0.869157
0.681357
0.943647
1.18962
0.872904
0.918549
0.821255
0.658253
1.05691
0.60062
0.737373
0.985897
0.594465
1.03177
0.800906
1.14801
0.765533
0.917215
1.05104
1.11476
1.10752
0.703647
0.668124
0.877991
0.860458
0.939804
1.00864
0.382522
1.07994
0.420277
0.945991
0.901512
0.639386
0.561428
0.672421
0.1
0.498148
0.759226
0.521818
0.956384
0.881314
0.658295
0.985102
0.778039
1.05653
0.595565
0.548397
0.685099
0.898374
0.729147
0.736065
0.61131
0.881011
0.914389
0.83233
0.842397
0.704139
0.817446
0.953423
0.818152
0.826305
0.989445
1.04295
0.631232
0.645291
1.07146
0.781826
0.802279
0.848026
0.73792
0.464503
0.781691
0.953846
0.830313
0.703409
0.567462
0.824115
0.84764
0.944294
0.67052
0.704267
0.650117
0.706933
0.777887
0.855357
0.782874
0.776454
0.943136
0.720302
0.890584
0.654928
0.835915
0.942337
1.10732
0.863796
0.999229
0.875978
0.70579
0.783144
0.725663
0.761119
0.674502
0.927432
1.14806
0.834704
0.828335
0.922368
0.558749
0.997158
0.518093
0.614125
1.00469
0.532091
0.951011
0.829238
1.13249
0.743465
0.892534
0.943976
1.08301
1.13041
0.597101
0.560545
0.829801
0.904796
0.839056
1.02732
0.546458
1.01317
0.487199
0.887079
0.84354
0.594628
0.527569
0.640234
0.523375
0.1
0.737332
0.641163
0.95163
0.85128
0.755777
0.994187
0.75544
1.04626
0.598599
0.563556
0.770648
0.898465
0.772692
0.698928
0.600217
0.846436
0.809649
0.823094
0.692849
0.605704
0.805787
0.97492
0.754677
0.826137
0.973774
0.936138
0.803624
0.582499
1.24177
0.846006
0.744141
1.00179
0.798432
0.571842
0.852169
1.02389
0.788359
0.592583
0.767698
0.798818
0.90726
0.8554
0.89869
0.872219
0.680024
1.00472
0.717846
0.930715
0.840261
0.745255
1.03145
0.92851
0.990014
0.619446
0.858109
0.875434
0.984346
0.945481
1.09611
0.772352
0.666746
0.626719
0.53792
0.984835
0.593576
0.750239
0.984329
0.798996
0.941162
0.793243
0.544455
0.935583
0.582677
0.805058
0.919258
0.423178
0.98995
1.0549
0.981427
0.714791
0.665038
1.15023
1.21186
1.01706
0.547494
0.610282
0.617632
0.782672
0.855316
1.02183
0.885756
1.13032
0.628276
0.676686
0.98432
0.773167
0.450804
0.767383
0.775685
0.715165
0.1
0.747022
0.821584
0.72605
0.659317
0.903179
0.578513
1.04841
0.849008
0.526097
0.879259
0.805586
0.515584
0.744865
0.575104
0.674085
0.703265
0.762747
0.877334
0.722032
0.938407
0.847571
0.536032
1.04423
0.848653
0.950965
0.863288
0.783252
1.04093
0.818167
0.566229
0.6417
0.560347
0.641087
0.859765
0.932849
0.631435
0.874797
0.418405
0.838366
0.838152
0.813083
0.695015
0.612077
0.713075
0.706183
0.577165
0.921772
0.9231
0.657726
0.981366
0.966794
0.932375
0.843589
0.933229
0.992589
1.13762
0.746621
0.97406
0.785752
0.655901
0.910823
0.649162
0.883468
0.612803
0.883411
1.13301
0.808969
0.898742
0.770646
0.729244
1.01386
0.607942
0.769187
0.876953
0.657957
1.01294
0.747315
1.06113
0.706639
0.872301
1.07284
1.01774
0.984902
0.78703
0.782029
0.872493
0.736176
0.932176
0.87769
0.637831
1.0376
0.580684
0.926395
0.8378
0.60243
0.540608
0.627346
0.562854
0.657996
0.790708
0.1
0.874125
0.834904
0.625447
0.886294
0.733626
0.944185
0.595107
0.654392
0.434712
0.803851
0.730605
0.669447
0.547681
0.84679
0.967421
0.73565
0.918079
0.712953
0.741321
0.849705
0.894083
0.765461
0.899422
0.406544
1.00412
0.974233
1.15008
0.773338
0.769014
1.01944
0.803143
0.725294
0.840341
0.87207
0.955774
0.976953
0.925793
0.643135
0.778123
0.495782
0.945854
0.880121
0.661397
1.10372
0.853258
0.882762
0.929246
0.624864
0.941513
1.12325
0.917112
0.910015
0.855103
0.772313
0.808252
0.820405
0.955998
0.314616
0.622258
1.10481
0.567038
1.04149
0.632477
0.451712
0.657255
0.604151
0.921172
0.979309
0.873834
0.736341
0.686626
0.898714
0.552496
0.77579
0.904489
1.08932
0.381208
0.484252
0.617281
1.18565
1.07098
0.594284
0.90746
0.93004
0.692302
0.646279
0.878312
0.746832
1.1401
1.03133
0.907615
0.787185
0.948936
0.844208
0.455002
0.742285
1.00348
0.946647
0.843162
0.847208
0.1
0.473736
0.867993
0.487061
0.600493
0.753975
0.933103
0.884103
0.911297
0.385716
0.849383
0.69719
0.416863
0.557018
0.947025
0.580357
1.03509
0.783303
0.874122
0.496968
0.956221
1.05626
0.495771
0.597169
0.936133
0.937889
1.14618
0.725418
0.843667
1.05277
0.838258
0.674954
0.763542
0.850232
1.00673
0.922474
0.94047
0.547212
0.75035
0.674366
0.940448
0.894799
0.586509
1.10725
0.906429
0.817225
0.831739
0.677238
0.890468
1.06139
0.86649
0.838468
0.74936
0.610997
0.61704
0.864001
0.944904
0.538397
0.62002
1.06329
0.609324
0.997736
0.640984
0.437895
0.390134
0.556368
0.85995
1.03356
0.828634
0.58382
0.643779
0.84834
0.723885
0.73943
0.810688
1.1084
0.532365
0.478732
0.558964
1.12897
1.08007
0.803546
0.852369
0.882495
0.573053
0.768683
0.772514
0.853653
1.14019
0.991073
0.902874
0.683526
0.930252
0.835929
0.397867
0.737234
1.00792
0.922859
0.811172
0.881696
0.513961
0.1
0.905495
0.665304
0.570262
0.814324
0.936226
0.872099
0.96008
0.56265
0.863708
0.684838
0.440697
0.399258
0.841975
0.623701
0.965115
0.729847
0.888272
0.687712
0.897904
1.06868
0.556901
0.996097
0.969654
0.796176
1.2667
0.917884
0.580242
0.958443
0.773889
0.688113
0.974359
1.08551
0.411049
0.821513
0.692107
0.903808
0.97025
0.854131
0.89766
0.852933
0.786809
0.970522
0.390318
1.02497
1.01809
0.764016
1.11137
1.04703
1.07182
0.842094
1.00489
1.03932
1.15868
0.915801
1.13907
0.807247
0.742844
0.905651
0.585109
1.06145
0.666238
0.867782
1.1437
0.89259
1.04544
0.427069
0.750683
1.07776
0.694886
0.902901
0.906337
0.640441
1.11432
0.995543
1.07634
0.770641
0.84386
1.23776
1.2349
1.00343
0.786571
0.776605
0.841923
0.71445
1.0279
0.992974
0.839926
1.20212
0.617995
0.929526
1.0405
0.802939
0.564612
0.78639
0.702643
0.766151
0.68891
0.617867
0.88445
0.846702
0.1
0.914817
0.731537
1.0732
0.82082
0.588883
0.768195
0.843768
0.502885
0.805777
0.612613
0.836533
0.964892
0.817455
1.01232
0.826619
0.931606
0.841395
0.82182
1.01336
0.940883
0.526298
1.09467
1.07515
1.15904
0.80158
0.796443
1.05433
0.845681
0.782916
0.912211
0.895538
0.989358
1.06612
0.96884
0.708227
0.806324
0.469065
0.970736
0.902407
0.721591
1.13559
0.886623
0.924145
1.0261
0.680719
0.971434
1.19116
0.955172
0.999379
0.930549
0.87522
0.926052
0.790246
0.960311
0.416611
0.70696
1.22654
0.655698
1.0944
0.718661
0.650156
0.827861
0.689957
0.983541
1.02198
0.9638
0.83806
0.756243
0.960462
0.346112
0.85607
0.966139
1.09722
0.619729
0.514598
0.780066
1.23363
1.07271
0.416343
1.00017
1.00714
0.819929
0.674065
0.981639
0.649549
1.20231
1.0586
0.968874
0.937601
0.996808
0.893978
0.53777
0.761663
1.05319
1.00751
0.944484
0.874983
0.495603
0.622854
0.914548
0.1
0.727534
0.719404
0.960807
0.954017
0.928556
0.468448
0.925219
0.755163
0.460789
0.707898
1.0561
0.666335
1.10689
0.84743
0.873892
0.483249
1.0538
1.06839
0.672062
0.701261
0.792213
0.700794
1.10723
0.753163
0.685077
0.891247
0.679573
0.599592
0.734674
0.864533
0.839795
0.783965
0.774477
0.654195
0.764421
0.667268
0.852081
0.789828
0.589388
0.975684
0.745641
0.841819
0.75405
0.554366
0.917199
0.971501
0.871944
0.723363
0.773991
0.733582
0.832167
0.83178
0.955598
0.585436
0.461939
0.775455
0.431432
0.916734
0.413988
0.535622
0.769292
0.592281
0.819838
0.866278
0.64098
0.748202
0.521188
0.758625
0.759999
0.571314
0.864436
1.00673
0.745666
0.564365
0.402382
1.08466
1.05223
0.835469
0.682891
0.747975
0.543186
0.653482
0.715882
0.858946
0.939172
0.998495
0.726062
0.455102
0.845597
0.702903
0.293557
0.684791
0.838834
0.772788
0.60942
0.731184
0.617098
0.5394
0.738176
0.734474
0.1
0.853865
0.823511
0.695307
0.813084
0.5999
0.677068
0.592823
0.427294
0.48943
0.754997
0.528198
0.883493
0.650776
0.839445
0.686212
0.754355
0.974724
0.563594
0.650231
0.983191
1.0293
0.874392
0.64804
0.81455
0.894041
0.741223
0.719693
0.757515
0.617644
1.0047
1.04601
0.88997
0.605804
0.570916
0.621871
0.816876
0.741205
0.615294
0.985551
0.906611
0.772995
0.905451
0.610205
0.772607
1.08943
0.74798
0.957416
0.823902
0.813087
0.927792
0.586018
0.687877
0.59194
0.635935
1.18361
0.717127
0.91316
0.68894
0.759076
0.897893
0.565192
0.792327
1.07236
0.915264
0.75365
0.672919
0.825651
0.654168
0.829191
0.807813
0.940384
0.7949
0.397565
0.836045
1.04115
0.753509
0.768613
0.957932
0.964509
0.845859
0.777378
0.85599
0.526088
1.11209
0.811602
0.924038
0.926698
0.773237
0.761913
0.513505
0.594194
0.986695
0.926497
0.958087
0.815257
0.672967
0.667469
0.937372
0.630982
0.740437
0.1
0.834648
0.933268
0.835428
0.577405
0.961579
0.607447
0.377089
0.752201
1.01864
0.608573
0.993649
0.723525
0.668143
0.724662
1.04779
0.88557
0.707853
1.03135
0.798966
0.866352
0.879593
0.741215
0.798453
0.691674
0.680377
0.591501
0.789685
0.866285
0.869954
0.909947
0.563821
0.824553
0.779091
0.919514
0.424423
0.501308
0.667854
0.197306
0.810791
0.831153
0.868435
0.752857
0.880812
0.853198
0.827401
0.842599
0.87688
0.985228
1.15612
0.716919
0.880586
0.87045
0.720586
1.02171
0.778036
0.694271
0.717103
0.968643
1.18936
0.826904
0.797683
0.987014
0.769067
1.01402
0.593393
0.645832
0.972313
0.712503
0.944368
0.527615
1.14492
0.719847
0.966756
0.882156
0.912382
1.10371
0.816612
0.786868
0.925699
0.905891
0.897737
0.935763
0.697544
0.915504
0.680275
0.996354
0.738253
0.534187
0.572416
0.511968
0.640642
0.611937
0.895655
0.592842
0.959132
0.882906
0.827913
0.969454
0.823043
0.963078
0.1
0.754605
0.65013
0.8864
0.890782
0.668006
0.581578
0.906214
0.971095
0.815006
0.805143
0.636906
0.629597
0.969968
0.947259
0.530725
0.986917
1.02314
0.783688
0.555219
1.21598
0.861035
0.732755
0.943761
0.774733
0.554647
0.878084
1.04241
0.706889
0.606252
0.642729
0.857978
0.926654
0.915838
0.831916
0.820455
0.71215
0.898393
0.664544
0.947648
0.877766
0.778193
1.04462
0.873446
0.999587
0.651206
0.904389
0.965246
1.10181
0.930017
1.10017
0.846149
0.712921
0.647418
0.634461
0.945938
0.644716
0.874061
1.11876
0.860527
0.950161
0.758848
0.532858
1.02271
0.589486
0.777212
0.976684
0.433737
1.03189
0.969123
1.09628
0.76183
0.820954
1.11942
1.20184
1.08869
0.555789
0.549295
0.772461
0.833714
0.911706
1.04538
0.694053
1.13439
0.414812
0.837424
0.971155
0.72506
0.519025
0.743752
0.593494
0.579947
0.557372
0.656283
0.914894
0.828237
0.597791
0.969156
0.699658
1.08525
0.759715
0.1
0.811629
0.8769
0.563458
0.759856
0.610639
0.803586
0.798762
0.820117
0.848534
0.720433
0.909284
0.921782
0.629424
0.974468
0.947541
0.904136
0.877777
0.836918
0.961387
0.784987
0.574595
0.522252
0.489
0.656603
0.832378
0.868759
0.711888
0.921671
0.521549
0.807133
0.784248
0.765621
0.665041
0.536638
0.694356
0.696184
0.642205
0.892586
0.914963
0.605561
0.937884
0.988746
0.888145
0.874369
0.917367
0.971617
1.11649
0.662658
0.906992
0.750623
0.627437
0.970788
0.656985
0.858298
0.605845
0.866887
1.1066
0.7675
0.861651
0.834509
0.7698
0.980395
0.607822
0.761392
0.8311
0.699065
0.979489
0.703056
1.0246
0.667462
0.869348
1.04648
0.927085
0.938038
0.828115
0.827391
0.877834
0.71661
0.91363
0.798773
0.742322
0.981597
0.666312
0.929438
0.775329
0.578129
0.534251
0.577808
0.66467
0.709685
0.83442
0.392769
0.842546
0.814496
0.697847
0.842755
0.731683
0.866902
0.586505
0.725851
0.1
0.762113
0.787275
0.623732
0.511168
0.837782
0.987531
0.691262
0.928066
0.699703
0.668972
0.818462
0.938076
0.704712
0.862572
0.333578
0.973105
0.950425
1.07406
0.746036
0.721575
0.935022
0.730501
0.712254
0.806268
0.809477
0.924636
0.976325
0.877238
0.633778
0.725208
0.38485
0.893765
0.814628
0.643508
1.04357
0.822576
0.858217
0.90479
0.540308
0.903846
1.10151
0.873828
0.906782
0.84605
0.784983
0.853631
0.749997
0.894611
0.279928
0.568353
1.08012
0.565424
0.992306
0.592397
0.541892
0.739364
0.55657
0.874918
0.961551
0.855474
0.738791
0.657972
0.862029
0.515899
0.764731
0.882636
1.02646
0.537359
0.448145
0.651333
1.14214
0.986864
0.567281
0.895942
0.919426
0.726914
0.606913
0.85197
0.656911
1.09103
0.978199
0.878296
0.792888
0.878147
0.789707
0.448034
0.691564
0.964015
0.914204
0.845542
0.796874
0.393934
0.529545
0.846944
0.47047
0.5968
0.660391
0.88209
0.866749
0.842603
0.1
0.844681
0.636543
0.352103
0.605791
0.953972
0.494402
1.01156
0.749802
0.810177
0.496648
0.961648
0.989958
0.452222
0.962497
0.921121
0.713885
1.28363
0.900455
0.659166
1.00487
0.800463
0.651756
0.938779
1.07599
0.642375
0.724021
0.751602
0.864848
0.958033
0.847086
0.924073
0.886048
0.752475
1.0178
0.582227
0.999635
0.96085
0.759164
1.09438
1.01528
1.05513
0.760156
0.954674
0.974165
1.08073
0.947646
1.14014
0.781451
0.713772
0.794748
0.52047
1.054
0.630474
0.797613
1.06444
0.857829
1.02071
0.602377
0.677752
1.02133
0.660997
0.882115
0.904519
0.558926
1.07499
1.05333
1.02098
0.749771
0.74703
1.22587
1.24963
0.99707
0.701115
0.713756
0.739434
0.725233
0.970088
1.01432
0.887204
1.19243
0.629338
0.822987
1.03912
0.8114
0.51781
0.796845
0.758742
0.763237
0.524724
0.70324
0.843157
0.787078
0.49051
0.901526
0.654064
1.07233
0.860295
0.541291
0.844978
0.819843
0.1
0.792608
0.599072
0.756015
0.865595
0.79383
0.974861
0.799417
0.956778
0.825882
0.700316
1.05684
0.892343
0.748061
0.712882
0.780822
0.826226
0.625256
0.723804
0.66098
0.52964
0.574592
0.566024
0.629084
0.890474
0.873263
0.699083
0.59936
0.555936
0.701159
0.669963
0.57167
0.499942
0.798004
0.801459
0.716557
0.666139
0.481477
0.747861
0.910422
0.674951
0.779838
0.712868
0.746512
0.906033
0.659115
0.733562
0.653717
0.41173
0.901131
0.628895
0.701856
0.50129
0.731007
0.899515
0.501814
0.588544
0.966444
0.695255
0.729675
0.441891
0.604273
0.786554
0.65168
0.743713
0.829367
0.85956
0.506043
0.727292
0.895826
0.762313
0.890205
0.751243
0.78637
0.736962
0.749169
0.618601
0.761306
0.87242
0.773684
0.736077
0.732446
0.497207
0.499275
0.393187
0.478649
0.798691
0.719721
0.791112
0.67165
0.721527
0.651405
0.818726
0.767535
0.596714
0.703532
0.67278
0.760258
0.696738
0.64413
0.826588
0.1
0.360186
0.681975
0.84203
0.50329
0.802305
0.498786
0.626792
0.778681
0.878486
0.762845
0.673919
0.550171
0.86086
0.877916
0.929057
0.66382
0.718375
0.803386
0.623843
0.651521
0.678756
0.66683
0.915351
0.934655
0.801574
0.567382
0.595406
0.550015
0.791602
0.700827
0.557581
0.93546
0.817461
0.76959
0.787206
0.431415
0.799595
1.01691
0.752731
0.850809
0.763779
0.730667
0.84858
0.672234
0.774442
0.506959
0.44671
1.0024
0.59366
0.860715
0.527018
0.626394
0.787161
0.404685
0.730489
0.973222
0.786848
0.675146
0.564988
0.749654
0.655293
0.71684
0.782459
0.931518
0.693888
0.399734
0.671303
1.01924
0.835295
0.742004
0.83404
0.864565
0.72156
0.675139
0.723982
0.657633
1.00122
0.848348
0.82109
0.742329
0.707681
0.671244
0.399734
0.586053
0.896644
0.834628
0.823794
0.739905
0.5746
0.560431
0.840857
0.626653
0.57386
0.577628
0.790211
0.825279
0.767828
0.470704
0.84346
0.476721
0.1
0.622675
0.898881
0.361317
0.916852
0.638869
0.704299
0.655779
0.928131
0.879285
0.495736
0.689421
0.892285
0.865492
1.17897
0.753819
0.822998
1.04779
0.829702
0.643512
0.768961
0.897682
0.969592
0.85049
0.912264
0.605503
0.791503
0.716268
0.938362
0.896656
0.592708
1.09475
0.872696
0.839416
0.803508
0.684467
0.925343
1.02695
0.895482
0.774536
0.750945
0.637534
0.666213
0.895
0.989988
0.591957
0.608948
0.974384
0.56246
0.993735
0.607627
0.435881
0.559042
0.609318
0.8709
0.987952
0.765094
0.662121
0.61538
0.832027
0.775317
0.677796
0.843314
1.10903
0.655721
0.548862
0.438514
1.13332
1.12229
0.855261
0.783573
0.824728
0.447556
0.761146
0.756081
0.906941
1.09723
1.02822
0.856156
0.570069
0.942652
0.822336
0.360849
0.748602
0.970062
0.883665
0.725171
0.861255
0.583737
0.385941
0.861518
0.729116
0.499065
0.885376
0.925351
0.814899
0.951119
0.621162
0.798938
0.691124
0.471075
0.1
0.766643
0.641205
0.935507
0.716607
0.909343
0.715389
0.816375
1.07411
0.60338
0.998352
0.715988
0.762068
1.2202
0.767722
0.930293
1.10305
0.907454
0.459669
0.753674
0.989387
1.00815
0.609767
0.890142
0.730393
0.869831
0.954794
0.903785
0.918356
0.580804
1.05018
0.928199
0.819602
0.688667
0.838127
0.944709
0.798194
0.910167
0.44427
0.687086
0.747428
0.88246
0.982103
1.06164
0.84748
0.735062
0.875424
0.718541
0.91873
0.716743
0.819504
0.967373
0.793532
0.860371
1.04461
0.623606
0.856149
0.569414
0.732028
1.00699
0.557521
0.863559
1.10067
1.03464
0.711232
0.769052
1.03891
1.20695
1.12768
0.576279
0.599381
0.592593
0.951997
0.738738
1.0893
1.01915
1.05872
0.781874
0.719521
0.977478
0.811781
0.461353
0.763044
0.902804
0.758793
0.679948
0.882356
0.891332
0.728261
0.891163
0.975221
0.692074
1.07686
0.88913
0.727329
1.00563
0.877807
0.821035
0.766032
0.605285
0.688742
0.1
0.838809
0.723817
0.654456
0.950526
0.965151
0.5977
1.07339
0.922222
0.577093
0.836085
0.817345
0.973593
0.699589
0.658162
0.773592
0.575114
0.638258
0.699692
0.734128
0.861447
0.895964
0.760564
0.610708
0.654233
0.538083
0.792462
0.696389
0.57541
0.920846
0.763445
0.801571
0.782476
0.341812
0.844291
1.00489
0.795185
0.821577
0.781357
0.752148
0.866665
0.702794
0.832256
0.501957
0.368688
0.92817
0.528931
0.869546
0.442248
0.597777
0.7979
0.472798
0.757397
0.915074
0.740955
0.717759
0.541416
0.746271
0.662167
0.673748
0.822802
0.928864
0.703541
0.465932
0.615183
1.03956
0.89242
0.738484
0.792058
0.831134
0.692212
0.615498
0.726807
0.69723
0.953207
0.899195
0.774581
0.687573
0.729261
0.650517
0.3722
0.603483
0.855229
0.802429
0.766954
0.699039
0.56919
0.562772
0.786167
0.641617
0.504494
0.66777
0.777133
0.776725
0.731923
0.474766
0.783598
0.477832
0.265335
0.599729
0.872915
0.1
0.909512
0.63738
0.729752
0.630947
0.885901
0.884104
0.460577
1.08428
0.612047
0.855838
1.05774
0.68139
0.972986
1.03245
0.891649
0.336565
0.678561
0.917056
1.04841
0.777876
0.837392
0.762731
0.807549
1.01883
0.736076
0.817812
0.55105
0.884934
0.973673
0.709262
0.658846
0.869347
0.829798
0.498624
0.787678
0.636879
0.668212
0.851853
1.03726
0.916446
0.958508
0.925968
0.779404
1.0104
0.827481
0.678522
0.782718
0.964563
1.13222
0.833857
0.736297
1.12445
0.707678
0.93361
0.557066
0.527029
1.06797
0.665346
0.81153
0.95312
1.16125
0.737227
0.947195
0.754697
1.08882
1.20824
0.703638
0.654344
0.830638
1.02963
0.757435
1.09051
0.945566
0.920597
0.78245
0.927608
0.867526
0.72435
0.544984
0.656655
0.848625
0.662879
0.864936
0.854586
0.993769
0.850438
0.953834
1.04285
0.825259
1.07197
0.752846
0.787867
0.96433
0.949502
0.943117
0.744782
0.629136
0.856099
0.738283
0.891621
0.1
0.545736
0.841178
1.05377
0.825989
0.919293
1.02532
0.905154
0.510941
0.761297
0.872317
0.592467
0.843223
0.821371
0.704294
0.455448
0.44142
0.714795
0.960687
0.810823
0.736021
0.629279
0.623134
0.858709
0.645563
0.654577
0.421984
0.790135
0.879216
0.643783
0.461104
0.685562
0.714668
0.756321
0.634829
0.684791
0.608997
0.735202
0.925294
0.771768
0.790057
0.783283
0.590452
0.893163
0.71633
0.53886
0.624481
0.827333
0.979166
0.640865
0.475921
1.03772
0.644381
0.772882
0.374556
0.368433
0.923146
0.621578
0.688149
0.857039
0.99084
0.602869
0.808095
0.74925
0.873942
1.04461
0.682843
0.706457
0.74686
0.887002
0.516731
0.922169
0.866058
0.76092
0.730643
0.771876
0.596611
0.535584
0.433922
0.51065
0.796466
0.649684
0.799531
0.745779
0.845711
0.723469
0.876123
0.898559
0.682726
0.875972
0.668422
0.751463
0.816015
0.791366
0.8696
0.519156
0.496076
0.73716
0.748983
0.701116
0.610936
0.1
0.69609
0.911747
0.831449
0.794302
0.8361
0.937302
0.912698
1.00814
0.50467
0.629756
0.848702
0.754098
0.712655
0.671156
0.742734
0.651404
0.989672
1.03022
0.78197
0.736814
0.605149
0.846557
0.55967
0.52421
0.62945
0.736779
0.907685
0.742732
0.890588
0.715298
0.730464
0.980577
0.684068
0.939911
0.843067
0.930157
1.09479
0.473542
0.613509
0.80669
0.709871
1.17418
0.80304
0.723538
0.744608
0.936553
1.12209
0.739912
0.725213
1.09042
0.891031
0.925226
0.647256
0.713799
0.885892
0.818018
0.845998
0.653784
1.06385
0.619083
0.969359
0.856284
0.526977
1.01926
0.936615
0.921036
0.939943
0.900508
0.883848
0.776445
0.982089
0.711433
0.860824
1.02155
0.633579
0.639864
0.573099
0.370925
0.879162
0.822104
0.988169
0.736889
0.896493
0.836056
0.937695
0.879858
0.837151
0.767595
0.628264
0.901185
0.740869
0.812367
0.988749
0.621091
0.519139
0.888628
1.03627
0.763497
0.898149
0.661722
0.1
0.920146
1.05342
0.544715
0.927184
0.591847
1.06411
1.00503
1.19565
0.837074
0.699578
1.01906
0.802397
0.763848
0.922841
0.945332
0.895257
1.00986
0.916076
0.749644
0.848291
0.435747
0.964046
0.890153
0.733359
1.11055
0.793439
0.955717
1.01559
0.644286
1.01514
1.17001
0.990092
0.959468
0.945481
0.89786
0.955044
0.820728
1.01395
0.414689
0.673635
1.1408
0.554009
1.09465
0.659647
0.603538
0.851538
0.714762
0.997942
0.911205
0.910051
0.880092
0.732716
0.950428
0.457509
0.802525
1.00381
1.08559
0.660975
0.575056
0.71058
1.24852
1.11795
0.432969
0.947442
0.960386
0.780166
0.525555
0.977651
0.723431
1.13903
1.10366
0.907007
0.883373
1.0029
0.869659
0.51599
0.770579
0.995436
0.965028
0.865679
0.819587
0.494769
0.629292
0.821769
0.472869
0.664447
0.80857
0.938998
0.8864
0.880809
0.483849
0.82794
0.748665
0.470994
0.678905
1.02076
0.640522
1.09231
0.840026
0.892777
0.1
0.992398
1.06498
0.648019
1.05063
0.811009
0.693369
1.30521
0.866089
0.881711
1.11429
0.912489
0.530711
0.883854
1.08644
0.908164
0.372528
0.849605
0.840339
0.961103
0.973467
0.936493
0.943267
0.697379
1.05719
0.843415
0.940343
0.855818
0.861022
1.05925
0.862712
1.02305
0.497036
0.854736
0.904444
1.0235
1.01774
1.15241
0.875523
0.773041
0.789255
0.684858
1.00848
0.722259
0.858899
1.06913
0.878319
0.979791
0.925942
0.588956
0.990906
0.628722
0.819191
1.02546
0.473255
1.01176
1.11149
1.09491
0.775138
0.798135
1.15283
1.28981
1.14296
0.522131
0.508636
0.669539
0.925157
0.896322
1.12291
0.95746
1.17208
0.694069
0.795126
1.05599
0.840885
0.513541
0.812222
0.833255
0.729539
0.534241
0.841533
0.928463
0.800406
0.783448
1.00413
0.712898
1.14332
0.894862
0.591691
0.985618
0.912852
0.685395
0.82402
0.643496
0.755867
0.615883
0.87811
0.835079
0.748185
0.996986
0.968272
0.1
1.10281
0.974262
1.01554
0.883465
0.97004
0.725018
0.70077
0.837424
0.719924
0.711024
0.646614
0.789838
0.795401
0.942435
0.995051
0.695391
0.806888
0.723221
0.906825
0.403052
0.470281
0.667956
0.543804
0.872544
0.801137
0.906785
0.757297
0.823647
0.928191
0.775586
0.915615
0.88187
0.986966
1.15756
0.610504
0.781058
0.862827
0.740762
1.136
0.812201
0.704132
0.755186
0.981172
1.19086
0.813897
0.782583
1.05525
0.858642
1.0022
0.642185
0.692897
0.950483
0.789876
0.920077
0.432838
1.13762
0.693919
0.998371
0.859558
0.778297
1.08621
0.904515
0.877038
0.960361
0.922841
0.921118
0.876894
0.874031
0.835541
0.795832
1.043
0.703592
0.600854
0.59227
0.437768
0.784546
0.744527
0.969422
0.67265
0.955083
0.886471
0.899462
0.948225
0.85746
0.899595
0.470384
0.851952
0.690104
0.875521
0.962778
0.668179
0.570439
0.925203
1.03151
0.816789
0.866108
0.667229
0.483583
0.967681
1.02688
0.1
0.989303
0.465029
0.893117
0.869003
1.05904
0.721507
0.716685
0.905045
0.697738
0.663951
0.741759
0.789843
0.90835
0.911304
0.841399
0.591596
0.701627
0.518284
0.866998
0.79213
0.592334
1.01142
0.807937
0.822994
0.819512
0.505376
0.876649
1.04419
0.838952
0.83765
0.786347
0.715283
0.794069
0.770295
0.887119
0.417235
0.485838
0.983168
0.52211
0.941497
0.518402
0.47134
0.676785
0.484971
0.81728
0.944207
0.781843
0.67398
0.594059
0.80506
0.630541
0.702036
0.834048
1.01306
0.55683
0.448929
0.54294
1.09622
0.980736
0.694097
0.822295
0.859383
0.64468
0.630394
0.759703
0.735675
1.03888
0.95121
0.830219
0.669309
0.83205
0.743152
0.371648
0.670881
0.923446
0.862058
0.775754
0.77633
0.444728
0.45976
0.821938
0.589631
0.491244
0.707414
0.854389
0.81508
0.830618
0.397825
0.800462
0.581903
0.327046
0.515115
0.871971
0.421328
0.949718
0.690548
0.804881
0.581677
0.89274
0.972976
0.1
