0.1
24.0817
23.8185
26.8135
18.0924
17.3798
24.2402
17.7925
18.8674
18.4611
19.3156
23.1754
24.1376
21.5467
14.3851
16.7629
10.5238
21.8475
20.2698
16.3127
26.3893
20.777
20.5293
21.5913
13.5176
20.9271
27.1224
20.8337
22.066
20.3995
18.2436
19.2162
18.3396
21.0929
6.84143
13.5633
28.0602
14.5311
24.2613
14.7025
12.5163
16.1904
12.372
20.7379
23.6641
20.6482
16.0903
16.4776
20.7163
11.8468
19.1675
20.5576
25.3854
10.5544
9.77592
15.2687
27.5355
24.4674
13.7584
21.6541
22.5665
17.2479
15.4761
20.6995
15.9218
27.8715
23.0387
21.7756
19.2014
22.0417
19.7366
11.6491
17.2969
24.2501
23.0475
20.149
19.622
8.20406
11.5688
21.2056
10.4971
14.4417
15.7544
21.731
21.4522
21.1649
6.18243
20.791
15.7427
9.00311
14.2978
22.9033
12.149
24.65
17.7891
19.5719
12.3881
23.0725
24.3922
10.6173
23.1105
0.1
15.298
24.7358
16.6618
19.084
21.4799
16.9465
8.76834
13.4633
20.3279
22.2189
16.7724
16.4494
16.841
17.3193
21.7687
16.3467
17.036
12.75
19.5957
20.5336
17.6121
11.8571
17.1533
19.2868
16.3381
18.2452
13.2802
16.1311
18.9583
22.9001
20.3129
21.5597
19.6187
14.352
19.0337
17.3459
15.4545
14.7357
20.5741
24.4236
16.7391
15.3864
23.6091
11.7338
19.6303
8.20763
10.1439
22.2294
12.4041
18.7665
21.4479
24.7268
16.3255
18.8074
19.9251
24.7267
25.9132
12.574
13.7276
17.3009
21.4024
14.5803
23.7853
19.3333
21.1483
15.3224
17.8814
18.0816
13.5793
11.3388
14.5145
17.6237
13.079
16.6231
17.1841
21.3847
18.1881
19.9993
22.3662
15.9697
23.779
16.089
15.6895
19.8997
19.6728
19.2568
14.501
14.1688
18.2778
15.5982
17.5925
12.984
9.28825
18.4623
22.5126
17.0222
20.4267
20.9786
22.4272
15.0099
0.1
27.8018
19.3977
16.2142
21.2813
15.8933
12.4736
17.3573
22.7846
18.4698
14.4177
14.6708
18.4713
19.5825
20.5137
18.5462
18.1063
15.8959
20.9801
16.9115
20.926
17.1906
16.1615
22.4117
19.9465
21.6989
13.4954
19.598
20.7177
23.7199
21.0871
24.0419
18.598
13.6753
6.54155
14.2116
20.3377
12.4418
19.1589
24.2099
17.5789
19.6099
19.4922
6.71836
21.1081
10.8795
15.7629
21.2191
6.61026
22.0587
22.5434
23.8813
16.9611
16.6889
24.6744
27.1964
24.4837
9.57885
12.5654
16.1541
18.8205
18.4154
23.5976
17.0871
24.5481
11.3542
16.1625
21.0415
15.0287
10.9717
16.6197
15.3593
13.1368
11.5072
15.1917
20.3142
17.872
15.9102
21.5245
13.7284
24.4724
17.199
10.5826
18.5504
18.8185
14.3865
15.6806
14.1874
17.3537
16.3569
16.8404
18.2713
14.0759
20.1094
20.7913
14.1077
22.1146
19.9838
22.9596
22.071
25.2826
0.1
13.3745
20.7161
20.8803
17.9249
17.2968
15.9314
13.7193
25.2758
25.4021
19.7747
16.8907
12.4446
21.2965
13.7616
14.3401
15.1381
19.3654
23.332
15.9582
20.54
17.8234
14.4932
23.3923
13.7235
22.6479
19.4567
21.8317
25.5408
12.9565
11.3868
19.8239
16.9831
30.5188
20.7238
16.1897
18.5111
23.2259
26.8106
17.0891
15.5867
27.1998
21.4439
20.8024
15.9688
16.2601
21.0661
20.512
18.4196
17.4377
25.6581
14.8785
23.2711
18.349
11.176
25.1407
22.5341
22.4599
22.772
22.6609
20.9102
19.5242
25.5419
13.3104
21.5571
24.9671
15.2761
16.2054
15.2297
8.60276
22.5137
20.7037
23.6608
18.8461
22.19
20.2491
23.8108
21.3689
20.4769
18.9063
16.0434
22.4432
19.7218
19.6425
24.5415
15.2899
13.8273
22.0495
24.6767
18.6067
20.9729
14.9397
8.74892
22.8879
25.2704
14.8888
22.5991
23.3621
22.4176
26.603
20.1622
0.1
23.4234
26.6113
21.5025
16.905
14.012
14.6724
28.1386
25.4457
23.2431
13.7112
12.422
22.8842
18.7858
19.9347
12.1371
24.7357
25.9869
8.20039
18.9902
20.0709
5.69171
23.0626
9.67387
22.0981
14.8764
18.1632
22.2074
18.7229
14.471
20.4816
18.3045
31.9984
21.7831
18.2631
19.9731
22.8938
24.8641
16.7396
14.8073
29.5633
22.2027
17.7016
16.6447
16.9545
22.3589
21.1704
11.486
23.698
25.2082
14.3329
23.1405
17.6241
20.3949
26.5858
22.8794
22.8152
21.6216
24.7278
19.1839
22.5695
29.1646
11.4265
23.6982
24.5477
19.6399
19.6502
15.0181
14.3474
25.5691
22.726
24.22
22.3849
22.3547
19.1121
26.0345
22.1897
20.8639
20.9975
20.4748
23.9254
24.3673
20.4516
25.9332
17.3439
14.7822
21.0595
23.189
20.0417
20.1225
15.0802
17.0948
24.0972
25.1821
21.9866
23.036
20.1886
23.1006
20.0019
28.1056
21.0719
0.1
19.5371
13.8521
18.2117
20.8312
23.3042
13.6374
21.8974
15.4432
19.9574
20.3295
16.2353
19.9031
17.8172
19.0319
22.3174
10.9257
23.4351
23.1383
13.8107
24.1462
25.9496
23.7299
21.1368
23.5822
23.7289
26.0033
18.7142
24.2249
16.0042
14.359
23.5891
12.434
24.0987
13.1208
18.8921
25.1445
18.2244
22.8075
15.2559
18.178
22.9634
16.0233
20.4185
17.1789
16.5919
24.8352
21.9612
22.4763
16.5506
18.1729
28.3299
26.665
19.6395
19.5458
20.1729
19.7759
11.7798
23.4505
19.4107
21.1281
26.0725
16.3338
21.1258
22.7025
17.3992
13.5439
17.2944
18.0549
19.3019
17.445
12.4153
18.359
18.5617
13.1251
18.2077
15.5663
22.1962
18.3211
16.6353
14.3535
16.3036
15.336
16.797
13.3054
19.1133
23.5048
15.5017
24.3214
18.2417
19.4765
16.4245
21.2019
21.9904
18.8964
20.7525
19.1625
19.3499
20.8758
17.6433
14.4015
0.1
8.60485
15.9408
16.8486
18.4794
18.895
21.8693
12.4354
17.9282
16.1817
18.0652
13.8225
9.06604
16.0794
15.4662
17.1059
19.8227
19.5249
12.7382
19.9932
22.7175
19.0161
20.0379
20.7135
22.0033
25.2655
14.6334
19.2803
17.3751
12.6921
23.385
16.1576
17.9349
13.2123
20.4021
25.3419
16.1296
17.6436
21.2019
17.052
21.1344
12.9345
15.7167
18.93
16.3852
21.3403
16.0468
23.5246
15.136
19.6329
22.7945
19.8582
22.2228
18.648
19.218
20.2766
17.537
19.8905
18.4912
18.0289
20.8152
15.8793
21.0391
15.1458
10.3404
12.8777
11.5706
16.3919
16.3448
19.0989
11.3664
19.763
18.7215
17.9691
19.558
16.4661
19.5601
12.5352
17.3874
10.3084
17.1556
19.2002
12.1553
11.9751
19.6957
22.4438
14.7283
20.6633
14.1604
13.7034
19.5669
21.6572
14.9286
19.3515
19.1124
18.9679
18.1301
22.4852
17.8884
12.8108
10.7898
0.1
15.9064
16.7108
18.6918
18.0875
21.1927
13.0451
17.3193
16.2912
16.435
15.758
12.1925
15.8218
17.9006
16.0706
20.0566
19.0731
10.2624
20.38
23.1119
19.449
19.4785
20.4288
21.1448
24.1714
15.5511
19.9323
15.8941
10.6456
21.7181
14.3193
19.047
10.8702
18.7022
23.8107
15.0081
17.8936
20.0866
16.2131
20.2033
12.3619
16.2023
17.7651
15.5128
21.195
18.3831
21.8431
14.4042
17.795
23.8029
21.0368
20.7211
17.8928
18.8553
18.9708
15.6391
19.144
17.9475
18.5513
21.4742
15.5348
19.2122
16.0375
11.4517
11.68
12.8999
16.7777
16.6781
17.7769
11.6029
18.1737
17.4203
16.9486
18.3415
14.5846
18.9606
14.5796
16.6889
11.3443
15.6133
17.8618
11.2896
10.7953
18.218
21.6322
12.6459
20.9542
14.2173
15.2675
17.9826
20.775
17.4406
17.35
25.6976
12.4335
18.036
27.5113
17.8298
21.3512
25.3575
20.1654
0.1
15.9661
22.9458
24.0224
15.8895
18.8597
18.5066
19.6097
24.2335
18.2647
19.8905
14.3787
21.9374
22.4291
18.4711
14.8758
20.0892
20.7345
12.9093
20.1444
11.7314
16.7638
20.3588
24.2029
22.5559
23.805
21.7473
17.3645
22.2514
19.361
17.8033
17.6126
22.6371
26.45
19.3242
18.2135
25.2673
13.8722
21.583
12.4372
12.9966
24.3018
13.7342
20.1809
23.4676
27.1114
18.2095
20.976
20.646
27.8101
28.3388
13.3863
12.5359
18.492
23.7671
17.8508
26.2949
21.8175
23.1981
16.9554
20.5598
21.8505
17.1598
13.4121
16.7654
19.3189
14.4902
17.9097
19.4454
23.578
19.9761
21.6124
24.4509
18.406
26.5836
18.1037
16.7875
22.7086
21.9846
20.7126
17.8602
16.3653
20.0531
14.8981
20.4986
10.215
12.7014
20.7014
24.6911
16.7194
22.7676
23.7902
20.8001
15.8036
20.7686
20.9597
12.2287
20.2046
22.1721
17.5271
13.2108
0.1
14.9704
24.6072
21.1475
19.4199
12.5135
12.3137
20.4363
16.7927
17.0319
6.70694
21.5794
22.5793
13.1424
11.1109
16.4138
14.3145
19.946
12.523
17.6931
12.2442
15.3803
20.1056
18.3945
17.0545
18.2006
13.9029
25.0433
18.245
14.6203
15.6115
19.5859
21.9353
13.2795
8.24221
25.9307
17.1093
15.3358
11.1717
11.8739
20.7986
16.7367
12.6823
21.9949
22.5292
13.2711
18.8959
17.8348
20.532
24.4692
17.9281
18.6972
17.6928
21.5923
10.5339
21.5987
24.2061
15.7894
19.5507
18.7579
15.0178
15.1062
11.0877
12.7196
21.6012
18.4216
19.7872
19.1323
19.8057
16.3735
22.4788
20.6415
16.4707
20.1529
17.7675
19.8042
21.0311
18.0198
21.9708
12.6109
12.2813
17.4427
18.4315
16.2532
16.243
8.80603
16.573
21.6667
20.8592
20.2729
19.2417
19.4421
21.3205
24.3566
16.1234
11.4415
20.1921
21.7255
17.5149
16.9587
13.3757
0.1
25.28
24.6223
20.5629
12.9064
4.58568
18.9537
16.9507
16.3049
12.5727
22.1962
23.1345
14.3526
18.4782
15.9513
12.6579
23.827
11.4994
21.6989
16.9875
18.1922
21.83
14.4823
10.1572
17.2728
14.943
29.2234
19.167
17.6014
16.9399
20.3093
22.8152
13.0782
13.4808
26.7797
20.6274
16.4693
14.8978
16.3077
19.0047
19.7232
14.8939
21.0863
21.9828
11.226
20.6868
20.0053
13.5795
22.7254
21.6722
22.0892
20.407
21.2044
17.8734
17.9078
26.4499
12.1396
21.6933
22.2318
14.7642
16.6385
13.2381
11.3029
23.3442
21.251
22.4313
19.4764
19.2352
17.1478
23.5105
18.8993
18.3
15.088
18.3094
22.1608
20.5503
16.8969
23.68
13.2226
11.2512
19.2055
22.9809
15.9829
20.9318
14.0056
13.4313
20.7505
24.2083
19.0713
19.2176
24.6212
24.5969
20.838
31.3617
23.1482
12.4733
23.4463
17.888
18.738
23.2012
26.6826
0.1
21.3789
15.8374
22.5855
23.2396
20.891
21.2658
20.2996
21.0666
23.3633
7.14699
25.4604
25.309
18.3948
26.5616
26.1756
26.2971
21.4721
25.5841
26.3408
28.7822
21.6906
27.2837
19.8064
17.8715
24.7612
15.4631
26.0297
16.6217
22.2161
28.644
21.6274
25.4339
10.6644
18.8704
26.0511
17.8332
21.9769
20.953
16.883
27.3886
23.2142
26.5725
19.4779
21.154
30.1275
30.4639
24.0991
19.9183
19.7503
21.6343
17.1111
26.2108
23.6243
20.6365
28.9136
15.3143
23.9626
26.064
19.6505
15.7175
19.4507
16.7565
19.1887
17.7863
13.41
22.1694
21.4445
8.54235
21.9621
18.5599
26.5669
19.2375
15.3389
17.3723
20.3553
14.2932
20.0854
16.5122
21.7934
24.5179
19.8333
25.2121
20.0717
21.961
20.4904
20.9654
23.8874
23.3251
26.4733
19.1664
16.7909
32.5386
21.6107
20.6731
28.0171
21.6368
12.7981
20.5844
26.829
22.0704
0.1
19.8158
20.9455
23.0692
24.5754
22.1212
22.8729
18.2259
25.5476
20.7426
22.9344
20.4543
21.1568
25.107
19.5451
24.8538
10.654
21.1544
22.7426
25.4438
24.9452
27.7887
21.9807
18.6156
20.2025
17.9258
24.0451
17.9149
22.2209
27.0054
21.3817
23.4084
22.4088
13.4851
23.9343
15.4882
19.0554
24.5532
11.3093
24.5209
26.5708
27.4508
19.8322
20.0876
27.2822
32.225
28.3784
11.5967
9.47103
17.3681
23.0188
22.3187
27.7788
22.894
28.0697
15.9561
20.4309
26.3891
20.3826
14.1418
20.1627
19.5368
16.7738
13.6355
19.8769
23.6974
20.4249
19.133
24.8152
18.0107
28.9519
21.0725
13.5547
23.9029
22.5174
16.9869
20.5474
17.6304
19.8115
14.9422
21.5959
19.1912
17.5111
23.9288
24.3049
8.17461
26.4224
24.4456
23.6392
18.8035
17.0915
25.3357
19.7475
14.5857
15.9308
13.3227
15.1938
18.9095
22.4128
16.3549
19.8225
0.1
20.0993
19.4915
20.7166
15.1967
14.0679
17.6936
15.1497
15.2314
21.6978
20.6352
16.0817
22.5364
21.5529
21.799
18.7958
22.0659
23.7394
26.9711
18.5331
23.0023
19.5466
15.0784
20.9702
16.4798
19.6334
14.4772
21.9253
27.3954
18.9712
20.3034
19.1713
15.3692
23.4639
13.5779
16.4966
21.2329
14.6191
23.5922
17.3423
25.9542
17.6564
20.5792
24.3197
25.0228
24.7201
16.926
17.0325
20.6756
18.8623
21.7355
22.2041
10.4819
24.078
11.3777
21.813
19.8119
12.7732
13.894
14.8014
10.1668
12.9783
17.6514
8.64825
21.8873
20.3801
15.5639
21.9355
17.3815
23.8654
12.2955
14.1276
12.6185
19.6573
17.2903
15.8327
14.6428
20.8651
21.9502
17.7302
20.3001
15.4355
17.4646
21.4377
19.9452
17.6304
21.9571
17.8461
21.773
24.3407
24.4737
13.176
21.3169
25.9839
20.0043
16.8609
13.7789
15.9064
26.3803
23.6977
22.7322
0.1
13.2858
19.0301
20.8659
20.5656
11.0896
26.1678
24.1006
14.9488
17.5339
17.2199
15.7413
24.3907
15.801
20.5912
14.125
11.3463
15.2383
19.4056
18.1875
16.236
15.319
28.9718
18.4715
21.1569
17.0959
17.4173
17.1993
11.6139
16.3383
27.2615
20.4392
7.72923
15.3402
18.0656
18.9581
19.3424
12.6932
25.5123
18.7763
9.95435
18.2147
23.1613
22.9223
22.4131
21.1148
21.8171
17.173
21.4858
16.1849
20.5625
28.6743
18.3715
22.6623
19.6425
20.2898
19.5162
11.7022
16.0948
25.1387
22.6107
21.4249
21.6064
17.2305
13.2182
24.0845
18.2719
16.8544
18.3504
21.5834
22.4149
23.6087
16.1252
23.3649
15.578
11.7139
15.6214
20.6723
16.2633
21.3724
15.1538
19.0599
20.1403
22.9332
24.0608
17.4606
19.3547
20.8374
24.0142
16.775
11.1104
20.2072
21.8225
17.5109
16.6263
12.619
5.2549
25.2597
24.2888
20.5145
12.365
0.1
19.0035
17.0154
16.4463
11.9015
22.2445
23.1129
13.914
17.8164
15.8966
12.3835
23.4891
10.9663
21.3117
16.3504
17.5879
21.3501
15.0718
11.092
17.2238
14.7053
28.8125
19.0145
17.2988
16.735
20.0525
22.4202
12.6647
12.7337
26.7214
20.2961
15.8903
14.5308
15.919
19.113
19.4365
14.1559
21.3172
21.7902
11.1081
20.3644
19.7316
14.634
22.8095
21.3185
21.7856
20.0141
21.2039
17.1123
18.3165
26.3101
12.0941
21.5288
21.7557
14.5856
16.4984
12.9091
11.4523
23.2459
21.0362
22.1476
19.5035
19.1108
16.8343
23.4353
18.9629
18.0045
15.5331
18.3444
21.9577
20.6726
16.8509
23.5071
12.9577
11.1594
18.8447
22.4966
15.8348
20.5139
13.5439
13.9089
20.7531
23.8697
19.3219
18.9866
11.4526
24.6902
23.7133
27.0714
19.2895
15.213
22.9668
16.6528
19.3666
19.7422
20.4957
21.404
24.39
20.5533
16.6944
17.9138
0.1
21.5753
19.6195
17.7064
25.6937
18.9971
21.8536
22.8757
12.5965
22.182
27.623
22.0288
22.6597
22.0909
20.7667
22.1386
17.6012
21.8853
7.95969
13.78
27.9388
13.716
24.7573
14.3716
14.6335
19.876
14.5729
21.8483
21.9567
20.7871
19.0377
16.9214
21.2466
9.6418
19.2179
22.4468
24.5281
15.0597
12.154
16.4302
28.3315
24.7285
10.7953
21.9298
22.7343
18.6699
12.415
22.3282
14.3286
26.9653
24.1426
21.1299
20.5118
22.4063
19.4733
12.6554
17.3436
23.3724
22.8008
20.1135
18.2516
11.2831
14.5002
19.7955
10.1283
15.0288
16.479
21.1493
20.9652
19.4719
8.03346
19.9466
16.1244
9.87962
16.3618
24.0027
12.3457
25.3649
18.4769
19.2974
9.65743
23.3901
23.7754
13.1629
25.0707
19.544
22.601
18.4363
16.6946
19.6602
18.5221
16.832
15.3899
17.102
19.3231
22.97
23.1454
15.894
19.2968
16.9093
22.7458
0.1
11.8385
16.356
11.2324
21.4344
18.5081
20.1723
18.3619
18.7267
20.3992
17.8427
20.8082
20.6002
23.5202
27.3503
16.3314
18.8352
21.2349
17.1509
27.5846
20.3188
14.0484
17.9665
24.1702
28.6664
19.1185
17.2499
25.2805
19.1651
23.1447
14.7354
14.1917
22.7392
18.4951
21.2086
12.3861
27.6175
17.3805
23.4786
18.2762
20.1281
26.8398
20.2978
19.8501
22.8029
22.7104
21.4288
22.3641
20.2935
19.285
18.2205
24.7318
16.6308
13.3445
15.3704
10.2947
18.1374
16.4763
22.0895
16.0726
23.6901
21.5636
21.7481
23.2582
20.3631
23.0512
9.45274
19.729
17.4335
21.2149
22.7977
15.9969
15.2863
22.7462
23.603
19.6027
18.7101
14.172
12.8507
23.9408
23.3994
10.1562
23.9851
22.0286
19.2911
20.8972
18.196
16.7785
16.6692
11.5017
12.3349
15.873
16.4285
17.6036
20.766
22.6653
13.9357
18.0131
15.4798
19.5892
11.2137
0.1
15.8307
13.4976
19.0642
18.9318
19.5351
14.7682
18.8766
22.1625
17.8083
20.5426
20.4284
22.293
25.8129
13.8509
17.9142
18.6216
14.272
25.3587
17.9073
16.1202
15.1639
21.738
26.3491
16.7674
16.7192
23.0702
18.078
21.4793
13.4638
14.9127
20.0722
17.4366
20.7968
13.8532
24.7936
15.4967
21.1181
20.9905
17.9295
23.6896
19.5176
19.7581
21.267
19.5771
20.102
19.2032
19.1849
19.295
17.1187
22.4645
13.7588
10.4894
13.7535
9.33893
17.3595
16.6552
20.5131
13.4198
21.0406
19.6099
19.7458
20.6389
18.0024
19.9109
10.942
18.634
13.2072
18.4265
20.9014
12.894
12.8574
20.7791
23.0115
16.3539
20.0761
13.7914
11.4566
21.0919
22.6013
11.6141
20.8807
20.9894
17.0909
21.7212
22.7449
12.0952
21.0815
24.1659
18.9511
13.5859
7.65581
16.0688
25.5179
21.384
20.7521
11.5
13.2611
20.9322
18.3407
18.7427
0.1
23.3429
23.4365
12.6196
11.6767
17.4132
14.471
20.4239
13.3743
17.7891
9.86946
13.6071
18.7553
19.4971
18.0426
18.4252
14.8507
26.1
18.6749
16.6875
16.4608
19.4696
21.1819
13.6066
11.4576
26.676
17.8484
14.1644
12.422
13.6253
21.123
17.2888
10.9669
23.5286
22.375
13.3041
18.9249
18.867
22.2341
24.8373
18.4463
19.1456
17.2369
22.2391
10.9202
22.3463
25.7581
16.7379
20.5446
18.8468
17.5559
16.9334
11.2684
14.2902
22.8237
19.5889
20.15
20.316
19.8635
15.9535
23.2401
20.8495
16.8164
20.8719
19.2433
20.5352
22.4608
18.3329
22.5212
14.2465
12.8465
17.0628
18.0161
17.0342
16.7765
10.8417
17.9721
21.9982
20.9986
21.9564
19.5508
25.2351
19.5262
21.3072
21.6258
18.3182
18.372
17.274
15.9365
15.4048
18.3155
21.0876
21.0301
22.2752
13.2073
20.1663
18.4227
22.5729
9.36545
11.8793
17.3479
0.1
19.7259
20.196
20.8735
18.0856
20.7073
20.6175
19.9319
20.3999
21.6775
24.2633
27.9255
17.1861
20.9378
21.1865
16.9819
26.088
19.5805
16.5356
17.3688
24.0522
28.993
19.6769
18.9758
23.5751
18.2688
23.9479
14.6848
15.2024
22.6663
17.574
22.7114
11.8695
27.7596
17.9779
23.1579
20.9576
22.4758
26.6527
19.4951
18.9892
22.6609
21.9062
22.196
22.663
17.1171
21.724
16.2826
24.4651
18.2744
12.8983
15.343
12.3596
15.3963
14.8241
21.1161
13.8947
23.6783
21.7565
20.0691
23.3022
19.9716
23.8999
3.03149
18.1909
15.5657
21.229
21.4497
16.4074
15.5116
22.7316
23.4965
19.5406
19.3538
14.9735
14.7302
23.6042
22.5908
12.1117
23.9858
23.3117
24.0066
20.15
30.5745
22.5785
10.5537
22.4164
16.7848
18.4773
22.4842
25.7884
7.54678
21.2203
15.5766
21.7921
22.4581
19.5821
20.9579
19.6818
20.4346
23.144
0.1
24.8868
24.5635
17.1488
25.9109
26.0474
25.6
21.139
24.934
25.4733
27.8258
21
26.5087
18.6649
16.8022
23.8417
14.1583
25.4953
15.4434
21.0433
27.4565
20.629
24.679
10.85
18.3569
25.087
17.1906
21.4882
19.8664
16.4511
26.6334
23.0096
25.2671
18.6476
19.988
29.6527
29.5264
22.7805
19.5035
19.6483
20.8106
15.4992
25.3037
22.5611
20.5911
28.1697
15.2942
22.8274
25.1573
18.9833
14.9482
18.9096
17.0029
19.0887
17.1539
12.9585
20.9685
20.4754
8.57272
20.8629
17.4315
25.4253
19.0363
15.3
16.5695
19.1756
13.6869
19.1516
15.6185
20.7951
23.9698
18.5951
24.8807
19.4932
21.3804
19.2193
20.6732
23.4825
21.9649
24.4035
21.8139
26.4186
22.1498
7.55141
23.9802
27.5243
22.1939
16.1221
13.8643
16.9473
28.4894
24.8581
23.5095
14.3215
14.3232
23.8666
19.1723
20.7068
11.6588
25.105
26.3672
0.1
18.2841
20.8624
9.96215
21.8863
11.6507
21.3573
13.3542
17.9354
22.19
20.1491
17.0137
21.2836
18.8142
31.8162
22.1156
18.1009
20.3501
23.3465
25.3165
17.5905
15.0965
29.8708
21.9054
18.1735
16.5557
16.5104
23.3454
20.9087
11.0675
24.3797
26.0524
15.3846
23.3695
16.656
22.6458
27.6579
22.4267
22.2371
21.428
25.4263
18.8892
24.0456
29.2309
14.2584
23.6507
24.5285
20.6618
20.0199
15.1256
15.2206
25.618
22.4645
24.0687
22.8187
23.1195
19.5036
26.267
23.1831
21.1055
22.8138
20.7866
23.7837
25.0936
21.3344
26.0076
18.0602
15.5713
21.2187
22.3343
20.8338
18.8732
14.833
18.3573
24.9074
24.6749
22.8009
23.8238
21.6225
12.372
18.2826
24.0214
14.7301
19.9468
22.8387
17.7815
10.9431
9.87863
18.3845
23.8571
18.6776
18.8364
14.1539
15.4534
21.0469
17.6057
18.0017
9.09283
21.8593
21.9241
15.4056
0.1
16.8797
17.2607
18.2975
16.1345
14.8499
12.5594
15.6215
20.1376
20.0569
20.0876
18.6575
13.9032
22.1184
17.5238
15.9182
15.0056
19.3068
22.0437
14.669
12.966
25.0162
14.622
16.5383
9.40038
11.4086
21.4806
14.5764
15.4637
22.8243
23.0018
14.6836
17.9175
19.4278
23.6892
25.0998
15.2017
16.3671
16.1241
21.5179
9.07714
23.048
22.9693
19.2899
18.1296
16.7854
17.5326
15.237
10.2292
14.4628
20.5536
16.8784
17.8305
18.8693
20.1549
16.4108
21.5318
21.3733
15.4945
22.2937
17.9843
18.1076
21.2688
18.6317
20.5942
13.786
13.176
16.7235
15.3005
16.7665
14.3929
8.47
18.3992
21.9231
18.4374
21.4779
19.5829
15.2503
20.1668
19.365
23.4847
17.5389
13.4152
16.7834
10.7783
16.6443
16.4374
17.8802
19.5369
21.7667
16.5393
15.6601
15.5342
13.0572
18.0557
15.3325
15.2703
21.3391
17.2459
19.8033
19.0177
0.1
20.0895
24.3499
19.3096
19.883
19.8176
19.4344
22.0072
15.9731
19.6819
12.74
8.23979
22.8772
12.822
20.5835
9.64058
15.7932
20.7977
12.3458
18.0379
20.7858
17.1509
18.023
13.0212
17.4196
15.3277
16.2104
20.3281
21.1451
18.2883
12.2202
15.4232
24.8406
21.3666
17.7884
18.6267
19.8344
17.5012
13.7738
18.3977
16.1561
22.1639
21.418
17.6632
17.4698
17.2255
14.5262
10.2793
14.1438
19.6469
18.9433
17.7585
14.8621
14.9069
14.902
17.979
15.6299
12.5499
16.5118
17.4845
18.0348
15.4504
12.0799
18.1519
10.9043
7.69178
15.9371
21.3871
7.49646
21.9435
14.8487
16.4832
15.2661
21.014
20.072
13.0894
23.3861
22.4581
26.5996
18.9099
4.93067
23.2277
26.0976
21.201
17.0135
14.1974
14.0508
27.9406
25.5828
22.9554
14.1782
11.985
22.7739
18.2373
19.4099
12.5691
24.1987
25.8074
9.36695
19.2599
19.8963
0.1
23.1235
8.91141
22.2929
15.6356
18.8017
22.7962
18.0994
13.3666
20.4787
18.2361
32.0119
21.7836
17.8503
19.9132
23.064
25.2511
16.8095
14.6719
29.4315
22.2383
18.1997
16.6349
16.8381
22.2591
21.2162
12.6525
23.0595
25.3682
14.3745
23.3046
17.2417
19.3339
26.4932
22.9697
22.8866
21.9211
24.6032
19.4826
22.2123
28.8757
9.72287
23.5662
24.7657
19.1035
19.3282
15.1379
13.7505
25.3276
22.5768
24.3038
22.0903
22.4283
19.3631
25.9077
22.1433
20.9475
20.6637
20.0353
23.8784
23.9611
20.4249
25.9152
17.1389
14.7016
21.3225
23.5321
19.9545
20.2382
15.0546
16.3426
24.049
25.3441
21.2825
23.0889
28.7743
18.0598
22.473
28.9828
18.9473
23.697
28.1523
22.8247
10.0603
18.7805
25.1132
26.1386
18.9063
20.8411
20.8531
21.5804
26.9227
18.8596
21.6342
16.8391
22.8726
24.6281
19.533
19.383
22.8935
21.9516
0.1
21.7457
15.9676
19.1918
23.4119
27.2842
23.9858
25.3609
24.3097
20.3832
27.5483
22.1817
19.2343
20.7292
25.8253
29.9586
22.1811
20.7815
27.6056
18.0615
24.5679
15.9602
15.5192
26.5994
17.2659
22.2999
24.0457
30.4018
20.2976
24.5241
20.4277
29.8231
31.1197
17.7356
15.442
21.9049
26.4699
22.0989
28.4861
24.1798
24.6644
19.306
25.0485
24.5635
19.6776
16.2372
18.0889
21.0109
16.5937
21.3112
21.3018
26.451
22.8268
23.8419
26.8644
21.8062
29.1264
18.9744
19.3656
24.8182
24.6414
23.4649
20.7047
18.577
23.3134
19.2747
23.5024
11.3839
15.6732
21.8992
27.3397
19.9916
23.6688
27.2054
22.3175
20.3651
24.6865
17.1639
8.03026
21.8819
23.7934
19.3948
15.8456
11.9074
12.2366
26.5163
24.2757
21.2848
13.6434
10.1753
21.68
16.6574
17.5534
11.137
22.3275
24.4414
10.5017
17.2579
18.3323
8.54381
21.9579
0.1
21.0186
14.9245
18.1095
22.3216
17.145
12.7272
19.5565
16.6223
29.7517
20.5614
15.4602
18.3619
22.0024
24.393
15.4158
11.4977
28.0494
20.6206
17.4281
14.909
14.8182
21.501
19.8129
12.4528
21.6234
24.4076
13.7134
22.0006
16.1456
17.5127
25.5399
21.4457
21.5712
20.8622
23.3386
17.3586
21.336
26.8296
8.48068
22.0175
23.0901
16.2026
17.2651
13.9718
11.9394
23.6842
20.9218
22.9209
20.6073
21.4796
18.5219
24.5606
21.419
19.5492
19.6511
18.4587
22.4482
22.271
19.4041
24.5594
15.1087
13.5703
20.2788
22.2761
18.432
18.8496
13.0387
14.9919
23.066
24.0609
19.6518
21.6966
25.3722
15.9078
16.476
30.4138
19.6766
20.9207
26.9124
20.8487
9.90735
18.0553
24.7875
23.2393
11.1681
19.6983
19.081
21.2214
23.937
20.8499
21.7339
15.8961
24.5286
21.663
20.6584
17.0478
20.261
22.9374
17.305
22.5604
0.1
18.3054
20.3757
23.4942
23.8991
25.8733
21.2903
17.4653
19.9966
18.0447
21.645
17.1948
21.4184
25.4492
19.7418
20.8545
23.9025
12.4698
21.8252
13.5739
16.651
24.0259
11.4735
21.9469
25.6871
26.3458
18.5756
19.329
24.6838
30.2009
27.8507
10.404
10.1353
16.2383
23.0276
19.2286
26.8571
22.9092
25.7641
16.678
18.7662
24.2672
19.0091
12.8835
18.7538
19.959
16.1694
14.908
19.9152
22.8938
19.22
20.4572
24.1424
17.205
27.4649
20.2239
15.2627
23.5394
21.6868
18.6414
18.9662
16.6184
18.6711
10.9338
20.5095
16.1052
15.2102
22.6207
23.9801
11.8513
25.2001
23.2773
23.017
18.9637
23.4839
25.6373
13.0009
22.9045
27.3
21.4573
13.8899
12.2615
19.0413
27.1726
21.7634
22.6936
12.8458
15.9771
22.8998
20.2557
21.209
8.65699
25.578
25.0746
12.6768
14.1479
19.8169
15.7868
20.4114
15.7191
17.9633
0.1
13.4836
18.5246
21.6064
20.3831
20.0547
17.222
28.1991
20.1461
19.0406
18.5245
20.834
22.1857
16.198
15.3568
28.1957
19.1942
15.5203
14.539
15.651
22.7206
18.3657
11.651
25.5941
24.015
14.9938
20.3676
19.9268
25.3921
26.6882
19.4132
19.691
17.7126
24.0893
14.7718
24.5102
27.8966
19.014
22.025
20.5786
21.1871
19.469
12.791
16.513
24.5073
21.0441
21.1982
22.1933
21.4559
17.0647
24.695
22.4181
18.5228
23.4466
21.1246
21.7301
24.7982
20.172
23.7829
17.2423
14.8282
18.0829
17.7408
19.4615
16.9873
13.4037
20.1808
23.6394
21.4068
24.2454
21.7841
19.5369
21.1554
23.5632
27.3047
15.0653
21.8746
27.5251
21.0798
16.0096
14.6194
19.3552
26.5526
22.2073
23.1727
9.79627
16.3126
20.432
21.9503
21.9677
11.3277
27.1731
24.3134
16.1595
16.7044
18.4456
18.0184
23.6335
18.1044
18.9782
12.7989
0.1
12.1133
21.5591
21.2339
17.3039
16.0258
27.9818
18.3144
22.116
17.3454
17.1044
16.3666
13.8757
17.8452
27.1926
19.5925
10.0291
15.2362
18.3131
20.3383
18.4498
14.4025
26.8645
19.6522
12.7515
17.3225
24.1179
26.1512
23.806
19.9455
20.7222
14.9098
22.1432
15.7366
22.9319
28.8535
21.1031
22.4373
18.1546
22.3163
20.3572
11.2057
17.6398
25.2413
22.4161
20.3117
22.2175
18.0544
12.8347
23.9994
19.7067
16.4047
21.6862
22.4138
21.8362
24.7171
17.4694
22.7895
16.9981
13.265
14.2128
18.2235
17.5262
20.681
15.4227
21.0113
20.9943
21.3221
25.6185
18.4589
19.4361
24.1358
25.4802
30.1709
17.3955
22.6398
29.8517
22.7589
17.9743
18.0492
21.9363
27.402
23.465
24.8648
12.4246
18.702
20.5724
24.1065
24.0234
14.7442
29.5378
25.0836
18.8817
20.3388
19.7275
20.6329
26.0128
21.0761
20.6673
16.607
11.4416
0.1
22.9985
23.5455
17.084
17.6041
30.1404
18.6033
25.1866
18.6331
16.3076
13.695
15.778
21.2459
27.7332
21.3884
12.8533
17.4462
21.0697
20.0489
19.8395
18.0351
28.9046
18.5021
13.5666
17.4561
27.2571
28.8104
23.389
21.674
22.2912
14.8911
22.4127
19.7532
23.6384
31.0377
23.9944
23.9451
19.6757
25.3103
22.6115
12.5564
19.6734
26.9549
24.4251
21.1453
23.5737
17.4331
11.9358
24.7309
19.2408
17.2674
22.9452
24.3766
23.0764
26.3026
17.5695
23.3736
19.2178
14.316
13.7149
20.0098
18.7516
23.4184
18.1229
22.9362
20.6102
22.3413
27.8471
18.9925
21.3682
24.6629
26.0952
17.6242
16.895
18.7706
19.9119
16.8669
19.2968
19.022
16.7624
23.7899
26.5028
19.6827
18.223
15.2085
18.8412
16.5829
14.8488
17.6548
20.939
21.8084
19.7505
23.3362
16.494
18.8714
26.3449
18.6481
24.2189
22.3125
23.4569
26.4949
0.1
15.7944
18.219
16.8527
31.3193
19.7822
21.0131
18.1361
22.5719
26.8151
17.4624
19.7004
25.7308
22.5
21.9989
17.4541
19.493
18.4737
21.2504
21.6923
17.96
24.5077
14.6299
23.0332
23.9889
15.3134
22.2745
23.7403
23.7863
23.3078
20.3993
23.4379
15.0119
26.1525
19.2597
21.8923
25.5848
18.574
17.5732
15.6792
12.4486
22.8091
22.1398
23.8669
17.7795
20.8583
20.1837
22.7464
19.1438
20.3237
16.4824
17.3055
22.7391
17.7851
18.0187
23.9739
16.0956
13.1313
22.1537
26.3873
17.6456
24.205
17.5962
10.9253
20.6679
26.1567
16.5825
21.6499
21.6502
23.0592
26.2085
13.6442
11.5067
21.4041
23.1151
19.0457
17.9405
15.5374
10.357
26.3602
26.0068
21.5203
15.0469
9.86245
20.638
16.8488
16.9198
14.3941
22.4736
24.2503
14.6929
20.5885
17.9046
12.2789
24.5373
12.1957
23.0965
18.543
20.3518
23.8941
13.9153
0.1
18.973
17.027
31.5036
20.7629
18.2769
18.7857
22.3691
25.2164
15.8696
15.6012
28.011
22.1959
18.955
16.5433
17.4687
20.2431
21.1397
16.5429
20.6875
24.2269
13.2058
22.8075
19.7379
12.2806
24.2725
23.2037
23.2784
22.2773
22.7172
20.5067
18.7344
27.6476
10.959
22.8383
24.6859
16.8661
17.9615
14.9675
11.5094
24.2739
22.2718
24.0451
20.343
21.1555
19.1368
24.6757
20.3048
20.304
16.9232
18.5907
23.4022
21.4651
18.7523
25.1088
15.5797
13.1872
21.2531
24.6977
18.2392
21.8869
15.5592
12.5537
22.2947
25.6962
18.6631
21.7011
8.21495
24.569
23.7374
27.8242
19.0625
16.5569
24.3897
17.7808
19.1902
19.4132
20.6224
22.4061
24.0875
21.4121
15.726
17.9264
8.78492
22.2402
20.5923
17.2088
26.6279
19.9926
21.5186
22.39
13.5681
22.0239
27.5411
21.9406
22.2537
21.3613
19.4181
20.2981
18.7917
22.2147
0.1
13.8751
27.908
13.6289
24.9967
14.5706
12.2499
17.2827
13.8392
21.7488
22.7275
20.6957
17.6282
16.8638
21.2979
10.7397
19.1032
21.8005
25.6154
11.3901
11.4349
15.0431
28.4118
25.5625
11.8884
21.7146
22.6117
17.4062
13.9589
21.6881
16.1823
27.7623
24.2155
21.5747
19.4515
22.9208
20.0669
12.0147
17.8737
24.0792
23.1374
19.8178
19.3347
7.29439
12.4487
20.4808
9.72016
14.3153
17.1546
21.9257
21.1798
20.946
5.99978
20.1092
16.422
9.91406
14.6123
23.2422
12.5535
25.1971
18.4056
20.1406
10.0239
22.9722
24.7811
11.313
16.167
17.826
17.311
23.6431
16.9004
14.7359
17.6681
11.8121
15.2012
14.7099
17.6968
20.0549
20.2357
16.3841
14.7193
15.1824
15.0916
17.8187
15.6549
13.7599
21.17
17.853
18.8697
16.5485
8.70412
19.4548
22.9067
18.4985
18.1091
18.1968
17.8394
20.749
17.2433
19.7759
13.7643
0.1
20.3968
12.7073
19.3707
7.77272
15.2785
19.8634
11.3364
16.5389
21.174
15.2427
16.7623
10.8362
15.8774
16.8788
14.6297
19.0806
21.5559
18.4768
12.319
14.01
23.7569
21.9016
19.542
16.7638
18.3783
15.8544
15.4758
15.6803
18.2878
21.4232
20.8984
16.844
14.6428
16.4265
13.6322
8.08607
14.0224
19.1766
17.7695
16.3697
15.4035
15.4279
14.0749
18.1303
16.9239
10.6473
17.959
17.3362
17.0608
16.6992
13.2849
17.656
9.49554
8.3279
14.5903
19.3149
8.5407
20.2959
13.1207
16.9924
16.6561
19.4648
20.3723
13.028
22.0821
15.6108
5.47351
28.0476
19.4992
15.9829
21.497
15.9135
12.8624
17.4932
22.8475
18.3437
14.5002
15.0456
18.3748
19.6364
20.1999
18.9182
18.3641
15.9639
21.4695
16.7248
21.0617
17.3834
15.9585
22.5413
20.4356
21.8559
13.6911
19.6681
20.5623
23.4498
21.1515
24.1522
18.275
13.4688
0.1
13.6597
20.7612
12.0765
18.6878
23.8055
17.4177
19.8157
19.2124
7.63191
20.9332
11.1256
16.1817
20.9481
6.70381
22.1163
22.8815
23.4658
16.8253
16.0988
25.0528
27.3492
24.1331
9.97394
12.997
15.7082
18.4358
18.4624
23.4644
17.778
24.7171
11.8678
15.5653
21.2694
15.3848
10.6968
16.8251
15.8648
13.9226
10.7261
15.3401
19.9348
17.5385
15.6921
21.2384
13.1657
24.3563
17.6052
10.7736
18.6679
18.5122
13.8838
15.7077
14.0353
16.9168
16.3095
16.5756
18.7269
14.3522
20.2862
20.4179
13.9463
22.4447
19.5812
17.7212
22.0448
18.4057
29.5217
20.5755
13.0546
23.0173
16.257
17.3394
19.7504
23.2261
17.7519
19.9354
18.3207
18.1576
20.0851
15.3681
21.5976
20.0972
17.7017
24.9751
15.3902
22.6929
21.3422
13.859
23.7764
25.5039
23.4118
19.1417
21.7782
20.8586
22.4334
20.7081
24.6734
13.8319
13.0004
21.1641
0.1
24.4805
11.2699
14.0467
20.8159
16.4679
22.2544
17.3793
16.6696
20.3583
15.101
20.2231
16.6698
14.9174
23.4278
24.944
18.7666
15.3719
12.2591
28.472
27.9618
18.6713
17.73
19.0674
15.3783
12.1205
21.3051
20.706
23.5442
26.1024
17.3365
16.1965
23.3464
18.5724
10.9115
18.3041
20.3421
19.9626
14.1006
16.6037
15.1853
15.0517
15.2527
17.007
10.7279
22.3009
20.5253
16.3921
19.1381
14.3948
13.6206
16.6113
12.455
14.5729
20.5509
14.0403
23.5945
17.6434
21.149
14.6595
18.6297
24.5174
15.3838
24.0006
15.9302
21.3669
18.7015
13.9942
20.5215
20.7228
17.5411
12.935
12.8389
17.2991
24.2376
21.6885
17.704
16.8687
14.8222
22.5004
12.1141
14.6748
12.8323
17.1054
22.4785
15.0659
15.7246
18.0468
15.8032
17.9362
14.2785
18.6232
16.6951
20.4296
24.6336
17.8412
17.6155
20.575
16.0749
26.0972
19.8546
0.1
17.2379
22.781
26.4138
17.2334
12.3127
26.0817
17.6774
20.405
12.4723
9.00631
22.6203
17.3455
17.4374
18.2807
26.1799
16.1126
21.9533
13.688
20.0898
26.6546
18.5996
18.5073
20.7992
22.9312
17.276
22.8235
21.8604
16.4459
18.6106
22.4264
14.6573
13.3756
13.7929
10.5153
19.665
16.3472
21.0597
17.9826
22.693
19.8642
22.4617
22.834
19.0457
22.4577
14.1272
19.5674
19.8411
20.5068
22.6653
14.5591
14.465
20.9138
20.7849
18.7294
14.8304
10.0599
14.7131
23.6818
21.8967
16.3617
22.6526
17.3193
18.0874
15.5631
25.4683
18.2232
13.3068
18.1766
11.9198
15.2367
16.3235
19.8266
18.4322
19.2443
15.5455
16.233
17.0747
15.5546
18.4462
16.4376
15.0719
21.3973
16.2157
20.1695
17.6512
10.065
20.9938
23.0207
20.1941
17.6185
19.3425
19.0814
21.7034
18.3378
21.562
14.2841
7.68192
18.0706
10.8866
20.5282
0.1
15.3697
20.7637
13.6528
18.3446
19.4085
14.1781
18.3949
11.3244
16.6914
17.2762
13.401
20.6906
21.9717
19.2881
13.819
13.3734
24.9532
23.9638
19.8224
15.8201
17.6148
15.5788
14.4426
17.3387
19.3628
20.3253
22.7063
15.5077
14.222
18.512
14.2392
8.61982
15.2066
18.1413
17.1869
14.6488
14.5297
15.9507
14.8228
16.3769
17.4977
9.54047
19.8965
17.5184
15.5432
16.3247
14.1207
15.6789
12.0524
10.1795
14.7837
19.0946
10.7011
20.7116
14.1676
18.1709
16.538
18.3823
21.1275
14.2253
13.6041
23.3047
22.118
29.4869
19.2726
17.679
25.9057
18.9255
18.068
18.8963
21.9335
22.7321
22.0247
21.7242
15.2603
18.8781
14.6145
22.8965
21.7434
16.4484
27.3425
20.388
21.3498
20.9569
15.2157
22.4354
26.4627
22.3274
20.2495
20.0723
17.3619
17.5258
21.0582
23.6904
11.0826
13.9325
25.8125
12.5208
25.0336
14.1825
0.1
13.4873
14.184
21.6893
22.6537
19.1673
16.4365
16.0777
20.8493
15.3745
17.5357
21.3243
26.8492
11.8348
12.8188
10.3957
28.3847
27.6515
17.2881
19.9066
21.0808
13.4416
15.956
20.262
20.213
27.6198
25.0282
20.9891
15.9133
23.7937
20.4039
10.3005
18.7451
23.9676
22.5389
17.6145
20.086
10.2335
9.04874
20.2835
14.6449
11.8988
20.6015
22.5135
20.1027
22.4
11.9369
18.8473
16.9921
11.4804
9.51472
20.5628
13.9682
24.1233
17.8928
21.6418
14.0001
20.6395
26.0354
11.9208
15.2632
23.9913
24.2382
29.517
18.1519
20.4043
27.9055
20.8953
18.3071
18.3532
21.3678
25.416
23.2116
23.5386
13.0706
18.3046
17.2152
23.5483
22.8551
15.5196
28.5812
23.0679
20.0768
20.7506
17.3768
21.3008
26.6198
21.466
20.8647
18.5367
14.4086
12.7656
21.6939
23.159
13.5597
15.7084
28.5167
16.0899
25.1704
16.6155
11.6989
0.1
14.0349
21.3211
25.5899
20.638
13.419
16.8659
21.0853
17.0688
19.0591
19.5324
27.909
13.0092
12.0015
14.4019
27.912
27.7657
19.7227
21.1864
22.0967
14.0584
19.4165
19.8901
21.2702
29.6967
24.2013
22.8312
17.8804
24.3494
21.5809
11.309
19.0851
25.7927
23.8029
19.841
22.0278
13.0938
6.69147
22.894
16.0293
14.8977
20.7952
23.5622
22.0033
24.4527
14.1388
21.5865
17.8946
12.3996
10.6215
20.6908
16.1113
24.0885
18.0517
22.0852
17.1262
21.9467
26.9169
15.005
14.2032
20.0268
21.4359
22.9139
14.8867
18.0141
21.631
16.0415
16.2931
13.533
14.9169
23.3762
22.3865
19.8556
10.7493
12.5941
15.3725
19.1313
17.7154
12.1435
23.6273
21.112
16.9925
16.8175
12.5632
17.272
24.0087
16.5235
19.7155
16.4843
14.8765
17.9108
17.209
17.752
13.2234
10.9196
25.4119
15.5037
20.0023
13.3068
14.9817
17.0923
0.1
15.5781
24.3346
18.3005
12.2856
13.1847
16.9057
16.4725
17.4071
16.1852
23.2543
16.413
8.3821
15.4304
23.3772
20.7437
19.3779
19.3636
20.5121
16.2567
17.9397
15.082
17.637
25.5018
18.8435
20.2023
16.8034
17.1673
16.5843
9.32116
14.3822
22.5246
20.5711
19.2335
18.668
14.4436
12.0832
21.3319
15.9428
13.5709
15.2589
19.4303
20.1812
20.0772
12.5502
20.7893
11.4851
7.18636
14.1167
20.2787
10.9856
21.0994
13.8739
17.1838
17.1726
21.573
21.7944
12.566
21.2397
16.4199
21.3299
18.6404
11.7486
20.1084
21.1062
17.0609
13.6995
7.49555
13.7169
24.5198
21.8602
18.9545
13.4887
11.2972
20.5585
15.3979
15.7572
9.12451
20.3233
22.5277
13.0099
13.2602
16.3739
13.4487
20.0632
10.9942
18.5769
13.9414
17.0671
21.5136
17.3177
15.5676
18.535
14.2105
25.7884
18.6874
12.7469
15.9489
20.4354
23.1645
13.8968
0.1
26.0316
17.697
16.6675
11.6657
11.3315
20.8737
17.2963
13.5896
20.6633
23.2721
13.515
19.8668
16.487
18.5384
24.6293
18.6398
19.1934
18.9169
21.7172
13.3057
21.1321
23.7919
14.0596
19.5504
20.1225
12.9346
14.2705
11.9762
11.0432
21.2776
18.2614
20.4844
18.6861
20.3438
17.3212
22.5555
20.8249
17.2603
19.7046
16.7357
20.0603
20.3307
18.3169
22.3591
12.2689
12.3886
18.561
19.7831
16.494
16.5303
8.93946
15.0528
21.9259
21.6735
18.7051
19.891
24.6853
25.663
21.5937
33.1388
23.8796
13.7007
25.8339
19.5055
19.3519
24.0063
27.7539
10.4716
21.3138
18.2285
22.9172
24.1392
21.0426
22.9808
22.1438
21.6238
25.7172
10.0887
26.2115
26.0583
19.2164
27.4722
27.1442
27.3139
21.685
26.0667
26.4873
28.6026
23.0352
28.4675
19.7268
18.527
25.465
14.8648
27.5033
17.1852
21.7387
28.3178
22.1065
26.5133
0.1
19.4748
26.2936
18.6386
23.1152
20.9441
17.1984
28.0414
25.4293
26.2908
19.8221
20.7021
31.4974
32.1084
23.945
20.3132
20.1883
21.1647
16.9666
26.9114
24.4516
23.2212
30.1001
16.8517
23.9108
27.6156
21.2571
15.8761
20.7243
19.0858
20.6797
17.257
16.0262
21.9253
21.2513
8.60021
21.9057
18.4901
27.4249
21.1919
15.9556
19.8517
20.4495
12.8419
21.1116
16.9811
21.4271
24.5336
20.3817
26.1549
20.9848
23.4392
20.1238
20.6277
25.9382
23.4232
22.8965
13.5546
7.90579
27.7708
19.0664
17.3523
22.0847
16.7359
11.2979
16.8386
22.7246
19.6965
13.6341
15.534
18.2665
19.4911
21.1771
18.5204
18.4456
15.382
21.1835
18.1425
20.4346
16.1891
16.8552
22.0669
18.8785
21.3455
12.0268
18.8639
20.287
23.4489
21.4129
23.9793
19.0956
14.1786
10.741
15.1559
19.8143
13.3455
19.5522
24.2765
17.6732
19.1596
20.702
0.1
20.8962
10.4456
15.0643
21.7729
6.35713
21.5552
22.8138
24.2746
17.0712
17.1302
24.0204
27.3023
25.1729
7.41284
11.4624
16.0027
19.8102
17.7287
24.123
17.8991
24.2655
12.3787
16.2223
21.0386
15.2541
11.0188
16.6234
16.0858
12.8793
12.2614
16.1482
20.7768
17.9831
17.1439
22.0143
14.3049
24.8099
17.3826
11.6078
19.4706
19.3156
15.6108
15.8855
14.4881
17.4604
15.1149
17.3998
17.1082
13.4946
20.2533
21.4834
13.5574
22.3021
20.4899
17.0255
21.6449
23.7218
25.7073
14.5081
20.9176
26.1232
19.9018
16.77
14.4037
17.3134
25.9486
23.0931
22.6315
6.59597
14.5632
18.5083
21.3432
20.9142
11.651
26.5009
23.6602
16.1792
17.4745
16.9028
17.2342
24.5058
17.216
20.0864
14.5565
9.90951
13.4461
19.9789
19.5413
15.5227
14.8794
28.1479
17.6628
21.8267
16.5227
16.0001
15.0605
11.3234
17.22
26.673
19.9409
0.1
15.1604
18.3834
18.564
18.8034
14.342
25.9648
17.457
10.1412
16.8629
24.1236
24.118
21.8304
20.5736
21.4269
15.8298
20.8689
16.027
20.762
28.5107
19.8982
22.3454
18.3083
20.9562
19.6533
10.9045
16.7026
24.9751
22.5007
20.6082
21.4846
16.2202
11.5456
23.5773
17.7952
15.8445
18.9057
21.8486
21.9466
23.5962
15.4792
22.6513
15.6839
11.5189
14.0032
19.923
15.7591
21.5524
15.387
19.7578
19.4364
22.2048
24.6201
16.3672
20.7811
10.778
14.5661
23.5182
16.258
17.3963
19.049
14.5114
11.519
12.5034
18.6653
21.1713
17.8103
15.6074
15.593
15.8708
19.607
16.1953
15.623
12.1758
19.365
19.3238
17.566
11.8328
14.5532
18.7742
18.9734
17.5521
14.8884
16.2509
17.9425
21.7542
18.8931
20.327
17.6978
11.4629
17.8195
15.615
15.8972
12.1218
18.6531
22.5641
14.4808
14.3615
22.5359
11.878
18.0681
0.1
11.3956
20.4415
12.426
18.1834
20.9307
22.5389
14.7448
16.8358
20.808
22.9499
23.7991
13.4681
15.325
16.2997
19.4062
12.7899
21.8107
19.152
20.3212
15.2041
15.6384
15.8761
11.7846
9.44512
13.5346
17.5728
14.2968
15.9493
16.0046
19.3767
16.5483
19.0455
20.5377
13.7537
21.5535
15.8468
15.6617
18.2046
17.5936
18.3407
11.6148
12.214
16.6563
16.5155
14.9221
15.9091
8.85165
17.3554
20.5844
17.5772
19.7065
18.375
23.4696
11.9701
18.9632
21.5096
14.8763
19.9127
20.7948
17.0867
10.814
11.9389
18.3534
23.4361
19.6836
17.0344
16.4951
15.6187
22.1141
14.0115
15.5448
11.9977
18.0079
21.6972
15.7359
12.9031
17.4898
17.07
16.5719
15.6705
16.4064
15.7146
19.3726
23.5997
18.9532
19.28
20.0766
15.0883
23.291
18.7838
10.3098
16.0507
21.7287
25.3401
16.6796
12.5315
25.1046
15.3901
19.681
10.238
0.1
22.4149
15.4193
17.4124
19.7338
25.4081
16.0125
20.5319
16.2058
22.0981
26.2944
16.274
16.5369
19.2237
22.2682
15.1495
23.2037
20.6022
18.3544
17.2139
20.3809
15.5577
12.8046
12.5801
12.2807
18.7071
14.696
19.2847
17.5925
22.0253
18.9723
21.4762
22.5711
17.6531
22.8824
14.8125
18.0061
19.7984
20.037
21.299
14.0311
14.1532
19.6488
18.4974
18.0397
12.7481
7.39714
16.4429
23.1455
19.9226
18.2357
21.7521
13.9577
27.3005
26.5598
28.9957
20.4062
17.4279
26.059
19.4895
21.0282
21.7547
22.2514
23.2442
26.3856
22.809
18.0067
19.5075
10.4368
23.3542
21.7667
19.3459
27.9363
20.8674
23.1458
25.2798
16.0086
23.475
29.5515
23.6551
24.6266
23.7322
22.3821
23.3607
18.6852
23.243
10.532
16.6853
31.3737
16.107
26.9499
17.2818
16.667
21.3372
16.9063
24.0194
23.6626
23.1405
20.6747
19.1006
23.3179
0.1
21.3186
23.9933
26.2745
16.4096
13.3409
18.9587
30.221
26.683
6.79209
24.1768
24.6789
20.505
15.0043
24.8999
14.5481
29.7077
25.7433
23.31
23.4125
25.0619
21.9135
14.6541
18.9878
25.5815
24.9938
22.2916
20.311
13.0702
16.0724
21.6468
7.31077
17.7559
17.8803
23.0353
23.0406
21.8266
11.5186
21.9583
18.7327
12.2882
18.2924
26.0685
15.9163
27.3659
20.4846
20.7938
10.4817
25.3697
25.6576
16.7762
23.2539
15.676
8.5073
29.0637
19.8901
17.3274
23.217
17.5184
12.2358
18.0205
23.7726
19.279
12.5077
16.1646
18.9121
20.4213
21.4202
19.5539
19.4642
16.3004
22.2945
17.7876
21.3398
17.6559
17.4287
23.0334
19.7441
22.4388
12.1049
19.7471
20.9006
23.7969
22.1263
24.9872
19.2841
14.8872
10.3171
14.8377
21.271
13.7991
19.5699
24.528
18.3911
20.4869
20.0013
6.95191
21.5576
11.9531
16.5115
21.9458
0.1
22.5148
23.7041
24.4946
17.5767
17.0376
25.3065
28.5189
25.3119
7.45676
11.2338
15.8295
19.7487
19.0757
24.6371
18.6894
25.4083
12.3925
16.509
22.4546
16.5578
11.4748
17.5798
16.4569
13.9462
10.5485
16.5244
20.9354
18.2098
16.5139
22.215
14.4195
25.5575
18.3143
10.5206
20.0765
19.6027
14.458
16.9358
14.9935
17.5263
15.2809
17.9594
18.3026
14.8356
21.1562
21.5012
12.1498
23.3403
20.8749
21.8905
20.8223
24.9463
22.9044
9.47648
22.7643
26.5438
21.0099
15.7798
11.9873
15.7557
27.452
23.8076
22.8982
10.8963
13.0559
21.9596
19.6809
20.377
9.07971
25.2902
25.2762
9.91727
16.4418
19.1841
12.0576
22.3832
12.379
20.3252
10.9972
14.3209
18.9868
19.8244
17.1618
19.3159
17.0431
29.9267
20.4527
18.7691
18.7011
20.8886
22.0628
15.0104
14.1282
28.6245
20.6989
14.4326
15.3531
16.3671
21.6783
19.7615
0.1
24.771
23.2558
13.3405
21.0073
19.3614
22.4428
25.6432
21.249
21.5162
19.2122
23.7645
16.1552
22.7085
28.5769
15.4705
22.8754
21.9289
19.7766
19.3304
13.3392
15.2762
25.1016
22.0638
22.5484
22.1252
20.8243
16.9763
25.1677
21.3278
19.0573
20.994
20.8943
22.8362
24.3
19.2946
24.6391
16.504
13.9165
18.719
20.7274
18.807
19.1454
14.001
18.5227
23.0237
23.3966
23.189
21.213
25.9919
22.8829
24.5137
20.8487
18.7905
19.3565
19.1892
17.5221
17.6426
19.9873
21.4494
22.3732
24.8054
16.1856
21.0512
18.9026
23.0727
11.0545
13.0524
18.7214
12.707
20.9976
20.9991
23.3358
19.1878
21.1277
23.2071
20.6679
22.8734
23.2247
25.6842
29.2599
15.7834
20.6362
21.822
18.513
29.7712
20.9385
18.9204
19.0952
25.2886
30.3138
20.7353
20.6569
24.9596
21.0649
25.1227
16.9923
17.8355
22.8258
20.0049
23.8181
0.1
28.7258
18.4381
24.8064
22.3009
21.8968
26.9842
22.2392
21.6084
24.382
22.7332
24.446
22.1682
21.353
22.0311
19.1157
26.7344
19.9444
15.8926
16.7364
12.8305
18.5669
18.4555
23.3193
15.4943
24.5029
22.8505
21.6286
23.5833
21.6567
23.8639
10.7756
20.6776
16.5063
21.8892
23.3306
17.9375
16.2015
24.1751
25.8968
20.6907
21.9657
17.1316
13.5832
24.1818
24.9798
9.83101
25.2086
10.1598
24.8011
24.4131
28.8435
18.7905
18.6243
26.45
19.5729
19.1598
19.2469
21.0222
24.0753
24.0916
22.7706
14.5682
18.1651
13.3196
23.1651
21.9594
16.7382
27.9422
21.6763
21.0955
22.1086
15.6028
21.8504
27.5831
21.9315
22.0547
20.4872
17.6644
17.6083
20.2457
22.7193
9.12789
14.9201
28.7023
14.8122
25.4734
15.7604
10.4819
13.2828
13.7611
21.8714
24.2593
21.0712
15.8807
17.2018
21.5873
13.4056
19.4341
21.0221
27.0047
0.1
11.1332
14.5754
28.5694
26.7434
15.2965
21.8904
22.7794
16.2189
16.7285
21.2972
18.4816
29.1386
24.3867
22.5256
19.0343
23.903
21.1298
11.8525
18.6596
25.2694
23.8605
20.1122
20.9122
7.22752
9.67862
21.8458
11.931
14.65
18.5738
23.0248
21.9033
22.9345
10.1528
21.0094
17.3394
11.0116
12.8592
22.5823
14.3123
25.1509
18.5859
21.2372
13.2684
22.8804
26.0929
12.327
13.3003
23.1575
24.5221
23.6507
15.1103
19.3949
24.0656
18.252
18.2019
16.0321
15.1768
24.9612
24.619
21.9091
10.9192
13.0927
15.1971
20.6195
19.4105
14.0743
25.5943
22.6265
17.6183
19.9579
14.7405
17.5093
26.049
17.4246
21.9939
18.0891
16.2058
18.256
17.0916
17.511
12.9506
14.0648
29.1058
17.1562
22.172
15.9662
16.0499
17.3247
9.93277
17.9602
25.8708
20.9576
13.0409
15.9142
19.2406
15.4087
19.7231
17.0518
24.5163
15.7384
0.1
17.6587
24.9105
21.1502
18.4764
21.9254
22.6879
18.2059
18.903
18.7672
16.3138
28.1794
19.321
22.3904
20.2047
19.7578
19.0485
11.9456
15.6115
24.6616
22.8903
21.494
20.3341
14.2301
12.8664
22.9722
14.5523
16.2052
12.9108
21.0922
22.3169
21.7512
12.3961
22.6746
14.5984
8.91697
15.846
22.7068
13.6061
23.2917
16.3427
17.8393
17.0655
23.7806
23.1284
14.5
16.333
20.9646
18.9595
29.0751
19.171
16.7361
24.5325
17.7215
16.4772
17.9412
21.9864
21.3017
19.5941
20.0668
15.7054
18.8672
16.1483
21.8884
20.788
15.7347
25.9076
19.0582
21.0317
19.1397
14.6233
22.3095
24.7303
21.9711
17.9843
19.3114
17.304
18.4624
21.1474
23.7711
13.3923
12.5734
21.8804
10.7546
23.7407
12.1449
10.2305
16.3413
14.3768
20.7508
21.2309
16.5265
17.0477
14.2817
19.3882
17.2102
15.0249
21.105
25.919
16.1973
13.8788
0.1
27.3614
27.5092
19.4927
17.2667
18.8871
11.1586
15.951
18.6251
21.2485
25.3124
24.8013
18.891
11.6698
22.7815
18.9239
8.36161
18.1482
22.059
20.5261
14.6695
18.7968
13.7414
11.2869
18.6749
16.906
8.16483
21.6655
21.3092
17.8366
21.3096
13.8547
16.6647
16.0289
11.7407
9.08831
18.2221
13.6723
22.4448
16.5507
21.2864
15.8572
18.1033
25.1494
13.2461
26.3804
19.8915
25.1061
20.5287
13.0799
23.3626
25.5092
21.229
14.5259
15.167
19.042
27.1679
23.8318
21.2374
17.8841
16.373
24.9363
15.2612
18.505
14.0501
20.9968
25.3186
13.4274
18.5866
21.0914
14.7839
18.4485
14.4417
20.5673
16.9214
21.5761
25.8178
19.7248
18.4239
22.6474
19.0914
30.5009
22.3624
13.2571
20.2916
25.0155
28.3673
19.5052
15.4232
28.9267
20.7532
21.8409
15.8076
13.7074
24.565
19.9841
17.4207
20.8674
28.4358
17.5307
24.5029
0.1
22.5066
29.0215
21.3407
20.6628
22.7331
25.6607
20.2387
24.9606
26.0985
16.3501
21.7096
25.4747
19.498
17.9611
15.8641
13.488
22.9737
19.651
23.6905
21.0957
24.843
21.6152
25.2094
24.7322
21.7328
24.6516
17.4514
22.325
23.3845
22.7172
25.3704
18.0675
16.5308
22.9463
22.6175
21.6192
15.9029
13.7753
16.8429
25.967
24.081
19.367
25.4116
21.0435
22.1599
24.8409
11.2249
13.5881
19.7413
19.9498
16.8446
17.5614
15.675
11.6065
24.6605
25.2681
19.6164
15.8905
10.9055
19.5398
15.0891
14.1922
14.8634
20.2148
22.6317
16.3869
20.3451
16.2883
14.8829
24.1761
14.0636
22.5884
19.3555
21.0018
24.4968
11.3088
10.2945
18.2937
15.8023
29.8896
19.7158
17.4674
17.495
21.8766
25.3312
15.5397
15.5694
26.4704
21.175
19.6028
15.6517
16.7779
19.4722
20.2163
18.1278
18.3943
23.8951
13.3659
22.1152
20.2047
0.1
23.3246
22.3345
22.5082
21.9864
21.3023
20.3047
17.3883
25.5802
13.9818
21.4064
23.9415
14.5299
16.0115
14.4735
9.27295
22.5554
20.9595
23.092
18.4243
20.6168
19.0488
23.2137
19.7274
19.4323
16.1478
16.6943
22.1947
18.9989
17.9895
23.8911
14.0442
12.3659
20.9654
24.4234
16.9889
21.6421
14.9843
9.18828
21.3591
24.9873
16.0811
20.8671
13.7878
27.0605
26.0586
29.4246
20.6315
16.9436
26.0139
19.3312
20.8501
21.7631
22.626
22.7327
25.9301
22.5802
18.1026
19.7962
9.94111
23.439
21.8446
19.3428
27.9318
20.3473
23.3159
25.1174
15.8001
23.7577
29.396
23.8925
24.273
23.7032
22.2771
23.1738
19.1581
23.6982
9.91761
16.4281
30.7336
15.3426
27.0023
16.8623
15.9387
20.9663
16.9131
24.0989
23.0038
22.7493
20.6744
18.9096
23.2588
5.78146
20.9079
24.1332
26.4112
15.9251
13.6041
18.2607
30.3577
27.1788
0.1
23.7718
24.3273
19.9956
14.097
24.7502
15.5319
29.3863
26.0835
22.9446
22.8501
25.1833
21.8284
14.3657
19.1528
25.2903
24.7467
21.6999
20.0935
12.4002
15.7323
21.0892
7.95393
17.1932
18.6222
23.0257
22.5955
21.7163
11.2054
21.2951
18.7024
12.3005
17.7748
25.6837
15.6725
27.2395
20.4172
21.0986
8.62409
24.8689
25.8329
16.2978
23.8678
14.4386
11.2083
29.0076
19.5291
18.5456
24.0078
18.3589
10.8371
17.5383
23.7322
20.6653
11.6544
17.0048
18.7566
20.3497
22.2069
19.497
19.7948
15.8015
22.47
19.1599
20.795
16.7301
18.1954
22.6555
18.4263
22.0662
9.9745
18.9644
20.5283
23.619
22.4572
24.9174
19.915
15.4995
13.9594
16.0228
20.7229
14.8013
20.1843
24.7719
18.5873
20.0592
21.4635
7.36861
21.4296
11.7721
15.8336
22.6108
6.77781
21.9949
23.9409
25.0669
17.7517
17.79
24.5519
28.6246
26.1462
0.1
9.77681
15.9329
20.8885
18.5149
25.2223
19.5348
25.1006
13.557
16.9896
22.4868
16.8148
11.7189
17.5786
17.2359
13.8109
12.2982
17.4701
21.56
18.4755
17.968
22.8219
15.2745
25.9557
18.4766
12.1234
20.9858
20.2252
16.1431
17.2132
15.3693
17.8575
13.82
18.6313
16.9507
14.3252
21.2871
22.3503
11.8315
23.497
21.5581
26.438
16.7542
15.6291
30.731
20.6985
20.3435
26.298
20.5626
10.7856
19.44
25.7101
21.7791
10.1146
18.1869
20.5984
22.1029
24.4694
20.2653
21.2983
17.4307
23.2628
20.5153
21.9155
19.145
20.593
23.9928
17.051
23.5908
10.3261
20.4448
22.6686
25.8194
23.9156
26.5697
22.0413
18.0594
19.34
18.3138
21.9163
17.5155
22.7189
27.4616
20.9272
21.9535
22.6726
12.1084
23.7217
14.2353
17.1001
24.5316
10.8485
23.672
24.7245
27.7259
19.5232
20.6826
25.2668
30.6623
28.4403
10.3897
0.1
18.3741
23.0567
21.3068
27.2043
20.4312
26.6839
14.3807
20.7522
24.7106
18.6702
14.0432
18.8395
17.6033
13.9152
14.9667
18.7433
23.9055
20.7084
19.1466
24.8367
18.1993
28.2448
19.1838
12.9241
22.6494
22.4562
17.7766
19.5269
17.2488
20.3742
15.5847
21.1878
16.925
16.0516
22.5924
24.4942
12.4098
24.5673
24.409
19.9373
20.8387
19.8302
30.7454
19.3562
19.6791
27.3801
20.4146
15.6967
18.1521
23.437
23.5411
18.3061
21.7855
15.9997
20.0367
19.8279
22.9717
22.6217
15.4857
27.3953
21.4414
20.8386
18.6109
17.9297
22.6763
23.8693
22.5131
16.3256
18.147
16.093
17.0173
23.1241
25.0901
16.7429
15.3733
23.0698
14.5754
24.3054
15.286
14.2928
17.236
16.366
21.3507
23.4546
16.6821
17.292
14.9401
19.6155
20.1129
15.0837
20.8566
27.5294
19.4763
15.4604
12.0561
27.4312
29.5542
23.0652
16.7096
18.1309
0.1
19.7656
18.5748
24.0751
26.873
25.6251
19.9565
12.8903
24.5441
20.488
9.79929
19.3431
23.3493
21.0599
15.0031
20.844
17.2552
12.8583
20.6533
19.7675
12.7061
24.3209
22.5665
18.5281
23.8709
17.2948
18.2725
18.0236
14.0691
10.3087
15.2276
17.2298
21.6474
16.8632
22.8446
19.4356
16.6112
26.7656
17.7314
16.9258
24.3931
21.8614
28.9474
20.9446
11.0926
22.4034
15.9234
19.0867
20.9605
23.0418
17.6165
22.9566
18.8049
18.9398
20.0852
12.4751
21.6469
19.7029
18.9033
25.0564
15.1095
23.3953
23.5018
13.3521
24.0806
27.2912
23.8299
21.9053
23.3517
22.6158
24.237
19.1493
24.2079
12.7056
14.1992
25.6214
10.8709
25.3545
13.4092
16.0543
22.5277
17.0887
23.1924
17.7897
19.5402
21.5706
16.8298
21.499
13.9264
17.805
24.4105
24.2851
19.0075
15.1887
16.3084
29.2972
27.0918
15.3842
20.7284
21.5266
18.7018
0.1
23.4163
17.9563
24.8506
26.2109
19.0744
20.3682
23.6372
19.2261
13.0229
18.1801
21.3534
21.5723
18.1103
16.2441
14.9661
16.5279
16.187
14.9654
14.545
20.7654
20.607
18.7829
17.9529
13.289
16.7223
17.1421
12.2376
17.2907
23.6859
14.172
25.3873
18.9306
20.3975
11.81
21.9409
23.975
16.171
19.9017
14.6072
18.8036
23.4779
14.2867
19.4088
22.3373
17.1353
12.6056
8.99331
17.0732
23.7202
19.566
19.0484
12.5449
14.2509
19.723
17.9554
17.7847
8.16617
22.3162
21.6827
15.2803
8.71604
15.6782
16.7634
20.028
15.5812
16.0805
12.5903
14.1297
18.7772
19.34
19.209
17.3515
12.649
22.554
16.7952
16.7909
14.1522
17.9217
20.2859
12.6315
12.4919
24.8032
15.3733
14.5637
9.75533
12.8598
20.3131
15.1196
14.5881
22.9552
21.2728
13.2578
16.7402
20.3102
22.6981
23.7449
16.1518
17.4875
15.4509
20.5836
0.1
21.826
23.6094
18.6768
18.6225
15.6537
16.7848
15.2815
9.05061
14.2076
21.0793
17.9018
17.899
18.7817
18.7037
14.9395
21.4275
20.097
14.4329
20.6901
18.3507
18.5694
20.9197
17.2191
20.4939
12.5269
11.8646
15.4346
16.2542
15.2577
16.4769
9.47636
17.9795
20.7488
19.0759
21.5121
17.7879
16.7969
26.1492
26.4412
24.0548
18.4402
17.6292
22.7863
17.6269
20.3679
20.2242
18.7697
23.4609
26.7222
21.3524
17.4844
16.7362
13.8887
20.5618
18.6422
18.3217
25.0037
21.2145
21.3414
24.2814
15.1069
20.9705
28.3292
21.0133
24.6426
22.918
22.5916
24.6569
13.5941
19.2562
14.2075
16.1846
31.4594
17.9107
24.3413
17.3399
19.6176
23.8048
16.2057
21.768
24.7302
22.9511
20.7
18.2446
21.6086
13.0255
21.4245
22.4993
22.8425
20.2564
12.646
20.9553
27.4878
21.3281
16.3506
24.1423
24.4985
21.9719
17.3206
23.9504
0.1
28.1898
22.4016
22.7706
24.389
21.7587
19.8195
14.9651
16.1002
24.4281
23.8532
23.2355
18.9511
16.9167
17.8732
22.2235
13.8975
18.8627
13.1139
20.6226
23.0731
19.5024
14.0045
23.1033
16.8621
11.4989
20.1519
26.3945
15.6882
26.0775
19.0752
16.8421
16.1914
26.0155
21.9609
18.4798
24.6851
17.8437
16.0736
26.4193
20.0024
16.1109
18.6517
15.2979
14.1914
19.0284
23.2738
17.2062
18.4896
8.4677
20.4665
20.1806
21.9415
15.6661
15.6374
17.7296
15.8549
16.2565
21.7783
20.315
17.3989
22.8846
20.1874
22.1824
17.6483
21.8972
23.8619
27.1771
19.8794
23.8562
20.4589
15.9178
20.0067
17.0979
19.5727
15.2826
22.503
27.9006
19.6705
20.5748
19.717
14.2995
23.8622
13.4531
16.1089
22.3242
13.6481
23.7683
18.4721
26.8111
18.3322
20.9566
24.127
26.3431
25.9706
15.6996
15.4493
20.5889
20.1234
21.7494
23.6644
0.1
24.6366
9.34848
21.8967
20.8025
13.6704
14.1044
15.5587
7.23404
10.3872
17.1537
11.5501
22.7323
20.8193
15.9813
22.9532
17.8032
25.1807
12.9395
12.8117
15.481
20.6421
17.2187
16.7443
15.4651
21.1452
21.1284
18.809
19.2667
15.324
18.5597
22.4932
18.8882
18.7895
22.8952
22.7062
21.7187
25.6949
15.3164
8.72731
22.1191
23.9624
19.7022
16.7879
13.8132
11.8866
26.8225
25.2238
21.6299
14.5946
10.3259
21.8602
16.5648
17.4987
12.823
22.3894
24.7436
11.8251
18.9841
18.7083
8.57831
22.9134
7.80473
22.0835
16.6096
19.4214
23.3803
16.2922
10.5236
19.8582
17.2773
30.9566
21.0908
16.3844
18.9951
22.6914
25.3022
16.175
13.5297
28.4379
21.5668
18.5331
15.8808
15.9688
21.5276
20.6404
14.3197
21.2067
24.9697
13.9902
22.8486
16.8189
16.0192
25.652
22.4439
22.4478
21.8466
23.6174
19.1449
20.9269
27.4152
0.1
22.6031
24.2813
16.7686
17.7987
14.754
11.7035
24.1309
21.6142
23.7479
20.7946
21.9167
19.2479
24.9641
21.517
20.3398
19.3361
18.5301
23.1103
22.3187
19.7118
25.1641
15.7803
13.9023
21.1538
23.5524
18.9404
20.0602
14.2979
14.1038
23.3068
25.0128
19.1849
22.3469
24.5828
18.022
13.6083
28.4215
20.7173
15.8733
20.9359
16.3249
14.0559
19.5883
24.3305
16.2726
16.4236
11.7066
20.6181
21.0478
21.9149
17.9253
17.7817
18.024
19.22
15.3881
22.4607
20.4362
17.6717
23.8066
20.5436
23.203
16.3749
22.0365
23.6523
26.7263
21.2105
25.1187
20.2657
15.9503
17.0156
16.0463
21.2371
14.86
21.7971
27.3422
19.8616
21.5487
18.2364
12.6017
23.8387
13.6099
17.1531
22.328
11.5329
24.2519
21.0759
26.4191
18.5667
19.9345
25.5813
28.0991
25.8474
13.8847
13.8583
19.4888
19.6869
21.8651
24.3653
11.9081
25.8909
0.1
20.7715
22.4006
15.4926
13.6831
17.0246
10.0905
11.4335
14.8417
13.0411
22.3838
20.3852
14.369
22.9105
16.935
25.9368
15.7591
9.0442
17.2415
20.5553
14.8995
17.477
15.6882
20.3712
19.9647
18.8808
19.7177
15.9912
20.2058
22.1544
16.7692
21.2829
22.6059
18.2616
17.7204
16.3244
27.7301
18.0795
17.2963
23.3715
17.0101
14.3593
15.8347
21.0057
21.4511
17.7176
18.9093
15.0576
17.9194
17.9228
20.497
19.6588
13.9322
24.331
19.3495
19.6242
15.9412
14.7267
21.0762
22.4546
20.4995
15.524
17.3465
16.1235
18.5009
20.882
22.8723
15.3948
11.685
18.8073
12.6324
21.56
11.4844
13.9242
18.0386
13.9199
18.6854
21.7993
13.9154
16.4557
11.7964
17.1104
18.8934
12.9451
19.5855
24.8315
18.8066
14.1176
10.3777
25.2876
26.4743
21.6846
14.6613
16.8481
10.6092
17.7112
15.4842
21.9847
23.5117
23.4303
17.4999
0.1
21.0084
17.2139
5.86146
17.031
20.7172
18.5371
13.5881
18.2114
16.2441
12.7818
18.8092
18.6878
8.54694
21.9678
19.9958
16.5604
20.7922
15.5665
16.802
14.6815
11.8956
11.0842
15.4201
14.0259
19.9561
14.3253
20.4484
18.1918
16.3895
23.9367
15.1437
20.298
17.3511
20.5788
16.4271
14.0096
17.9975
16.2907
13.7508
14.7766
12.278
13.5093
22.5921
22.1572
16.6311
15.0608
11.6364
18.9572
13.3499
11.6618
12.568
17.5985
20.6478
16.0087
16.1233
14.0611
15.7444
21.3219
13.9311
19.4359
17.2934
19.1903
23.0435
14.6824
15.1336
17.5638
12.6923
24.8881
17.6272
13.6457
14.4724
20.1567
23.7859
13.7709
11.6322
24.3779
17.4729
18.238
11.5966
12.6497
19.5828
17.0455
17.1041
17.9389
22.8679
13.3687
19.6109
18.7416
15.5562
23.1409
18.7879
19.4242
19.5522
19.9012
16.0771
18.9929
21.6286
15.6693
18.2738
20.3425
0.1
11.1058
12.0665
7.868
19.5229
17.4249
20.1008
16.2321
19.6473
17.6192
21.0061
19.768
16.6948
17.9654
14.4158
19.2132
17.0007
17.2101
21.324
9.52336
11.2055
18.8908
21.193
14.8209
18.433
10.7497
12.1708
20.6287
21.948
15.6136
18.9742
21.4968
15.4096
17.3826
20.6106
16.5759
16.3144
13.1493
11.6112
13.7256
14.6037
18.0039
20.1467
20.2426
12.6814
17.1323
15.5633
19.4865
12.6678
10.5127
14.335
14.6886
18.4286
18.3446
16.5711
14.0228
18.8389
20.2029
17.5547
18.0075
18.7944
20.7046
24.3498
16.4279
19.0596
18.1869
12.4563
21.2888
16.5858
14.7253
13.1655
20.4442
24.9351
15.732
15.1752
22.1956
14.9837
20.2292
10.1802
12.3117
20.2525
14.8668
19.7725
16.9057
23.9098
15.2418
19.2673
20.4186
20.2746
23.7247
16.6163
17.3591
19.3044
19.1458
17.3102
20.4614
16.8076
19.6696
14.9484
19.7136
13.1315
0.1
12.0142
10.8569
15.8159
13.9932
18.2213
13.3202
20.3341
18.4276
18.7027
20.6432
16.0431
20.7168
11.861
16.4877
14.483
18.0059
19.2263
11.2032
12.3951
19.1456
20.3887
15.3422
17.8056
11.1761
14.4089
20.7867
20.2118
15.4036
19.6969
17.0406
17.2825
17.0431
26.0261
17.0194
17.0594
22.006
15.9063
14.4105
14.396
19.2423
21.6499
18.8674
18.5302
13.7989
16.3574
17.0108
19.6009
18.5169
12.8127
23.4783
19.4953
18.6202
14.9393
13.326
19.8224
22.3978
19.0842
16.3944
16.5864
15.3066
18.162
19.6916
21.3378
14.627
9.91985
19.8773
13.0879
20.4002
10.7009
13.86
17.5474
11.8735
17.106
22.2716
14.5363
15.074
10.9554
16.2467
18.195
13.8382
18.3284
23.9213
18.0127
12.84
11.4294
24.2312
24.6238
20.975
15.5543
17.5405
12.3999
17.4204
13.764
20.7561
23.3003
21.905
17.7351
9.00178
19.1678
16.1371
0.1
15.8806
20.6555
18.4658
15.1584
17.8032
15.5625
12.219
19.2241
17.9331
8.89149
20.2732
19.2825
17.2222
19.9914
14.5414
17.7538
12.8484
10.4616
11.5198
16.5273
12.3236
19.6566
13.2785
19.2326
17.758
17.8014
22.8382
13.6749
22.0953
19.3173
22.5464
12.8209
14.1941
19.0178
17.2566
15.3376
15.726
14.4191
14.3398
23.3892
23.4861
17.2329
16.5701
12.6677
20.3546
11.4583
10.9729
14.1867
16.5054
21.53
16.3566
18.4461
16.0112
15.717
21.7816
14.2345
20.8361
18.6952
21.0415
24.8484
13.6466
14.3197
18.9986
15.0244
27.3102
19.1707
13.5725
16.4877
22.0287
25.8635
15.9992
13.7688
25.3809
19.1497
20.1627
13.7082
13.8456
20.5819
18.5109
18.3246
16.0043
24.7645
14.65
21.671
17.9802
13.7614
24.4151
20.3731
20.5435
21.3758
21.2332
18.8736
19.4933
22.4376
15.1644
19.2645
22.8756
10.9032
12.7297
13.8638
0.1
20.0731
18.2274
21.7189
16.7281
21.2908
19.3553
21.9781
20.9088
18.7393
19.0058
13.5893
20.3609
17.3897
18.7565
22.6599
12.8339
12.8403
20.8038
22.9283
16.9826
19.2388
12.7302
9.35743
21.9522
23.4053
12.9854
21.1914
25.5171
19.3225
17.1624
27.6664
20.8344
16.3549
20.1447
16.4345
14.9275
20.173
24.4039
16.5968
18.7443
9.75203
21.3172
21.1829
22.5943
16.6324
16.8079
18.6634
16.9399
15.9464
22.6762
21.5958
18.3218
23.8478
20.8397
23.2641
18.2658
22.8544
24.8007
28.0419
20.598
24.8842
21.0817
16.9261
21.2085
17.5495
20.9167
16.2035
23.1998
28.7909
20.6408
21.8599
19.2522
15.2647
24.8343
14.6622
17.3756
22.8391
14.2753
24.8044
19.0807
27.6242
19.0606
21.6969
25.2321
27.5962
26.5546
16.4547
15.8122
21.2531
20.5425
23.0695
24.3633
8.58815
25.7633
9.40715
22.9216
22.3071
15.2795
14.8532
16.535
0.1
11.66
17.5373
11.86
23.4148
21.5424
15.5444
23.5325
18.5979
26.1523
13.895
12.7246
16.1816
21.3423
17.1624
17.9488
16.2085
21.8767
21.8932
19.7456
20.2315
16.5049
19.4415
22.9955
19.1967
19.7218
23.8138
25.3204
14.9696
15.3244
26.5627
19.3346
18.2541
20.9718
17.0564
11.6916
17.9618
23.1944
19.8429
16.8023
12.996
20.019
20.0143
23.0132
15.7748
16.8362
16.7248
17.0284
18.6908
20.7617
18.515
18.444
22.1948
17.1833
21.4563
15.45
20.49
22.9955
26.53
20.8746
23.8379
21.1498
16.3752
19.4299
17.9807
18.153
16.0272
22.7784
27.7406
19.6814
19.5874
21.7791
12.7601
23.3599
12.4552
14.2517
23.298
12.6307
22.7634
19.8018
27.2336
18.4717
21.0788
22.5331
26.7733
27.1292
13.7657
13.0504
20.0143
21.6674
20.4544
24.8384
12.8784
24.0932
11.1274
21.4126
20.7862
14.1138
13.8645
15.6765
12.1729
0.1
16.9951
14.8744
23.2919
20.7633
18.0413
23.7614
18.0194
25.8852
13.9726
13.1135
18.3673
21.3445
18.2649
16.9746
15.8865
20.9657
19.2383
19.5122
16.4072
14.013
19.1458
23.5431
17.6078
19.7175
23.4164
22.596
19.4236
13.7009
30.9908
21.0338
16.8413
25.0178
18.5581
14.7487
19.6945
24.9925
18.775
13.9421
18.0428
19.364
21.51
20.7231
21.588
21.1676
17.5614
24.7638
17.1456
22.7069
19.9663
17.6499
24.3897
22.5281
23.9958
14.5407
21.0694
21.2701
23.4451
22.9711
26.2719
18.4928
15.399
15.2751
12.9658
23.8743
13.9444
18.1716
23.6032
18.7845
22.4294
18.552
12.4
21.8402
14.1826
19.0898
21.2119
9.75264
23.7475
25.5422
23.4321
17.7062
15.3773
27.7322
30.1129
24.2836
12.5122
14.3278
14.5552
18.5685
20.8766
24.6987
21.7176
27.0231
14.7438
16.0197
24.4789
18.7606
11.6197
19.0663
18.6904
17.3483
0.1
17.5444
19.9276
17.5134
15.5706
21.4687
13.4866
25.9412
20.3679
12.1523
21.1405
19.0056
11.7474
18.1796
15.1573
16.4217
16.5401
17.9869
21.1244
16.9576
22.5085
20.2983
12.1275
25.2643
20.2423
22.9742
20.9638
18.8875
25.7687
20.2968
12.5131
15.5373
12.6444
16.7175
19.8812
22.6553
14.7775
21.22
9.22714
20.388
19.7763
19.6326
16.3994
14.4562
18.4857
17.0089
13.5215
22.4761
22.0606
15.4212
23.145
23.5103
22.5238
20.2797
23.0302
24.2912
27.29
17.8659
23.2054
18.8365
15.1277
22.8179
15.9387
21.2827
14.4395
21.6343
27.3605
19.035
21.3611
17.987
17.0498
23.7722
14.8579
18.1814
20.1786
15.9478
24.3284
17.7165
25.438
17.4886
20.5721
25.7818
25.0813
23.4761
18.5573
18.7327
21.1118
17.388
22.8716
21.0312
15.2618
24.7042
13.5248
22.4197
20.6356
14.317
14.2454
15.3326
13.1942
15.8515
18.3167
0.1
21.2871
20.3385
14.7025
21.0432
17.461
23.2303
13.8833
15.4418
9.7692
18.9619
17.1993
16.201
14.3607
20.975
23.237
17.3018
22.1656
16.7279
17.5103
20.3527
21.0967
18.1733
21.5304
9.0533
24.5979
23.815
28.6071
19.1098
17.4458
25.4821
18.675
19.1094
19.4037
21.0945
23.0352
23.8514
22.022
15.33
18.2698
11.4426
22.7888
21.3712
17.0404
27.3338
20.6296
21.4692
22.216
14.5839
22.1544
27.5231
22.134
21.9789
20.991
18.6096
19.0253
19.7607
22.7515
6.70336
14.2861
27.9622
13.7445
25.3225
14.9459
10.3915
15.3297
13.886
21.926
23.2016
20.6826
16.9201
16.9592
21.4607
12.244
19.0487
21.5874
26.4174
8.28457
11.5421
14.179
28.6249
26.4615
13.657
21.5921
22.5247
16.4776
15.1044
21.4735
17.6996
28.333
24.5474
21.8872
18.853
23.5509
20.6078
11.7426
18.3975
24.5639
23.4034
19.6151
20.0692
0.1
10.9518
20.9135
10.967
14.0502
18.28
22.5133
21.3204
21.9582
8.40052
20.206
16.929
10.5527
13.3307
22.7202
13.3721
25.155
18.5074
20.8787
11.349
22.6511
25.5699
11.2741
13.9401
22.8437
22.8776
28.5055
17.8406
19.2596
26.3589
19.5462
17.6797
17.5155
20.5336
24.3315
22.4482
22.3913
12.841
17.5726
16.0559
22.6512
21.7496
14.9445
27.4254
21.997
19.7771
19.7508
15.9182
20.8855
25.9369
20.8408
20.1487
18.2296
14.4435
14.2204
20.8799
22.4727
12.4854
14.2301
26.8614
14.8746
24.2041
15.1648
10.0302
8.54668
12.683
20.3839
24.5568
19.5473
13.1486
15.8152
20.1856
16.4382
18.0922
19.2156
26.9023
12.1137
11.3941
12.7147
27.1963
26.6971
18.9204
20.2041
21.3069
13.4066
18.2134
18.7265
20.4194
28.3351
23.5404
21.7661
16.1952
23.0609
20.3925
10.0678
18.2629
24.6783
22.7815
18.8233
20.9381
11.9562
0.1
21.873
15.4711
13.2749
19.8512
22.5929
21.0134
23.2032
12.8801
20.5685
16.6049
11.2478
9.15207
20.0579
14.4697
23.3674
17.1553
21.2375
16.2221
21.1923
25.8858
12.8308
24.1254
23.7087
19.2211
31.6389
22.9362
12.8544
23.8774
17.9491
18.0535
22.6971
26.5743
9.14583
19.847
16.1389
22.0821
23.0898
20.6904
21.5618
20.6704
20.5466
23.8761
8.69172
25.139
24.4613
18.1274
26.3756
25.5684
26.0847
20.2414
24.9
25.496
27.8183
22.2094
27.3512
19.3877
17.3014
22.6807
14.2275
25.8326
15.8146
21.228
27.6307
21.1351
25.055
9.37729
17.5887
25.3487
17.1797
21.5666
20.8963
15.4865
26.8901
24.0326
25.8208
19.1969
19.8596
29.9379
30.7099
23.9414
18.5458
18.5938
20.326
16.8363
25.3555
23.9647
20.5249
28.8184
14.4805
22.4999
25.9519
19.5348
14.9462
19.5728
16.8055
18.6827
15.7957
14.2865
21.5542
20.6446
0.1
21.7619
17.4075
26.5859
19.6486
13.763
18.3046
19.9673
11.4248
19.7769
16.2463
20.7048
23.1729
19.3697
24.5732
19.6026
22.3361
20.1409
19.2885
24.4794
22.5821
12.1263
26.9335
26.4174
28.8399
19.8577
18.1123
26.3998
19.7303
20.7453
21.1701
21.6972
23.8895
26.1477
23.105
17.0173
18.9776
10.7509
23.4222
21.9457
18.7238
28.1609
21.4877
22.5373
24.6636
16.0068
22.8982
29.2645
23.1061
24.2641
22.9603
21.2646
21.9823
18.9863
22.8599
9.34735
16.4045
31.1891
16.1132
26.6746
17.1628
15.5671
19.6471
16.0443
23.4965
24.2675
22.9416
19.4326
18.817
23.0233
7.16933
21.16
23.1457
26.618
14.3195
12.355
18.2612
29.8339
26.5064
9.16683
23.9273
24.4992
19.7605
15.8105
24.1552
15.2207
29.9502
25.2295
23.4523
22.7067
24.8063
21.9015
14.1625
18.9139
25.845
24.9946
22.1222
20.769
11.4793
14.8328
22.1046
0.1
17.305
17.3797
23.2199
23.1081
22.3987
10.4986
22.1247
18.4497
11.8332
17.3136
25.4836
15.5486
26.9887
20.1287
20.8729
10.9977
25.0914
25.8784
15.7588
16.6007
19.1289
16.7584
27.4929
18.5755
15.4053
22.1093
15.6077
15.5379
16.8055
20.9009
20.0843
18.8793
18.2135
15.6168
17.9258
15.8727
20.4012
19.0433
15.0252
24.0101
17.861
20.4121
17.7858
12.7864
21.55
23.6311
20.9801
17.2027
18.873
17.6099
19.6257
20.0527
22.7414
13.6948
10.2683
19.2258
10.1129
22.1333
9.31022
12.5826
18.1655
13.5873
19.3734
20.3775
14.8302
17.2132
12.538
17.9139
17.321
13.6651
20.5748
24.3172
17.4949
13.6869
8.77251
26.0796
25.9754
19.7226
15.9312
17.8599
12.6366
15.2875
17.2553
20.5541
23.1073
23.726
17.2461
10.3257
20.8402
16.9328
6.9914
16.8648
20.3192
18.8564
13.8253
17.1451
14.6321
12.6623
17.5907
17.2161
0.1
20.8803
19.7172
16.4896
19.451
13.8204
15.8432
14.189
10.857
11.5431
17.8524
12.0502
21.2818
15.1543
19.9994
16.1838
17.5998
23.4969
13.0011
15.2968
24.0579
25.2351
21.4365
15.7901
18.5522
22.1828
17.1384
18.9504
17.3673
14.5547
24.2796
25.6297
21.1206
14.3618
13.0638
14.7011
19.5046
17.7892
15.7504
24.2663
22.0017
18.6349
21.6145
14.2103
17.9544
26.656
17.8121
23.1911
20.1763
19.6617
22.026
13.7372
16.009
13.8619
14.6283
30.0511
17.753
22.0419
16.3985
18.4014
21.4181
12.9053
18.6801
25.5257
21.723
17.3478
16.5933
19.6112
14.7332
20.4532
19.1429
22.6297
18.7353
9.21489
19.6638
24.9828
18.2277
18.0424
22.8635
23.4075
20.4272
18.4341
20.8941
12.0706
27.6044
19.0492
22.3068
22.4275
18.9413
18.4679
13.4536
14.4479
24.1313
22.8766
22.4587
19.2642
16.0799
15.9921
22.6885
14.6048
17.6353
0.1
20.0014
22.5776
20.0215
13.2526
23.0444
14.5732
9.39076
18.4819
24.5345
14.0867
24.0963
16.9954
15.6527
17.1647
24.9412
21.2295
16.668
25.0246
19.3033
21.0321
21.5718
18.259
18.1611
16.8544
15.6277
15.3079
18.1584
20.9459
20.8518
22.1255
12.9042
20.0304
18.2941
22.3749
9.4859
11.5922
17.221
3.64104
19.5373
20.1368
20.6787
17.8434
20.6454
20.5955
19.842
20.2543
21.5594
24.1014
27.754
17.1028
20.8561
21.0082
16.7451
25.7587
19.378
16.442
17.1228
23.8493
28.7841
19.4855
18.8151
23.3941
18.0507
23.7761
14.4691
15.0558
22.5075
17.3836
22.5955
12.1158
27.5465
17.8412
22.9375
20.9742
22.3495
26.4591
19.303
18.8568
22.4793
21.6952
21.9777
22.5091
16.8178
21.6497
16.0747
24.2114
18.0229
12.5382
15.1739
12.2513
15.2046
14.6448
20.9141
13.6546
23.4859
21.5837
19.8879
23.1384
19.7496
23.7218
0.1
18.0076
15.2876
21.0408
21.2535
16.1632
15.3453
22.5407
23.3301
19.3078
19.2792
14.8032
14.6738
23.417
22.4269
12.1914
23.7497
24.815
18.9088
12.9951
30.3205
21.4316
16.5645
23.4911
17.9701
14.2595
20.3314
25.468
16.7003
14.2951
14.8944
20.8958
21.9964
22.2802
19.8876
19.8331
18.4598
22.0031
15.7732
23.1439
20.9146
18.4882
24.7169
21.1152
24.2403
15.3546
22.2775
23.5862
26.3918
22.5742
26.374
20.3852
16.5535
15.8252
15.5461
22.8799
15.2608
21.3912
27.0004
20.3299
22.656
17.692
12.1077
23.9906
14.3646
18.3847
22.6142
10.0322
24.8074
23.3607
26.3227
18.9618
19.2858
26.9556
29.8532
26.0818
12.7219
12.7614
18.5398
19.8639
22.3403
25.2978
16.7269
27.125
9.26648
20.1404
24.1336
17.5093
13.6149
18.4366
13.9864
13.8063
12.5341
15.2559
22.3417
20.1655
13.9934
23.1308
16.5912
26.8993
18.0889
0.1
19.4138
20.8016
12.9628
18.5728
16.189
19.8365
18.9623
19.437
20.3883
16.9172
21.7702
22.1894
14.4702
23.4904
22.751
21.7795
21.3378
20.2726
23.6998
19.4183
12.7169
12.3854
10.868
17.1584
19.208
21.0095
16.8276
22.4275
11.8368
19.5793
18.4235
18.4092
15.6351
12.5064
17.9622
16.7489
15.1977
21.7227
21.8549
14.0919
22.0642
24.0735
21.394
21.0671
22.6162
23.7505
26.7602
15.7084
21.5198
17.9355
14.4157
24.4084
16.1476
20.639
14.2604
21.2047
26.6932
17.9932
20.4268
19.5835
18.0691
22.9462
14.8546
17.984
19.0585
17.0299
23.4831
16.5893
24.5188
16.4424
20.4981
25.1174
22.7308
22.2992
19.5929
19.8952
21.2491
16.8911
22.3902
19.0223
17.9841
23.3033
15.7174
22.4977
18.9962
13.6839
14.0597
14.0104
15.8251
17.2049
19.3988
8.58966
20.47
19.809
16.5578
19.946
17.4112
21.2196
13.6633
17.2716
0.1
17.9105
18.6341
15.0009
13.2993
20.7377
23.7465
16.1793
22.4208
16.3927
15.6738
19.5564
22.1972
16.6267
20.5955
7.17126
23.7977
23.2009
26.6303
18.3868
16.2927
23.2612
16.8722
18.7392
18.5661
19.4867
22.2431
23.8352
20.8002
15.0874
16.9413
8.56574
21.4626
19.6828
16.5399
25.7725
19.8405
20.8355
21.5978
12.4277
21.2181
26.9658
21.0283
21.8962
20.7546
18.9365
20.1646
17.9526
21.2086
5.797
12.9367
27.3077
13.7013
24.0653
13.9141
12.7462
17.4083
12.6881
20.761
22.758
20.2214
16.9806
16.1942
20.5321
11.3469
18.7578
21.0349
24.819
12.2399
10.5738
15.0335
27.5283
24.2809
12.9769
21.302
22.2529
17.3682
14.1037
20.7897
15.4084
27.0568
23.2183
21.138
18.9992
21.6941
19.1907
11.5386
17.0454
23.5467
22.5552
19.674
18.8009
8.83255
12.4058
20.3749
10.5469
13.9555
15.8423
21.212
20.8766
20.2047
0.1
20.087
15.3373
8.65914
14.6191
22.8962
11.1929
24.554
17.6601
19.2571
11.3408
22.7868
23.8843
10.1635
23.2683
22.4563
17.0965
32.079
22.4749
14.7751
25.0989
18.6085
17.0207
21.8229
26.3299
15.0564
17.3338
17.6375
21.0736
22.7834
20.5089
22.2343
21.524
19.5871
25.1036
13.652
24.4854
23.0148
18.0039
25.9534
24.7542
25.6586
18.1446
23.5898
23.8161
25.8631
23.0266
27.3779
18.7262
16.5747
19.7379
12.4989
25.6422
14.8943
19.4037
25.6277
20.2622
24.4323
13.7765
15.7552
23.9565
16.275
21.0405
20.8519
13.3385
25.8964
25.5021
24.4275
18.64
17.4332
29.6383
31.0915
23.7816
16.3909
16.9825
17.6903
17.1101
23.8554
24.5078
21.7552
28.5762
14.771
19.7705
25.9158
19.7548
13.5794
19.8513
18.2533
18.6065
11.7234
16.4404
20.4858
19.0975
11.2392
21.427
15.4232
26.5633
20.6559
12.5423
20.2653
19.3647
0.1
19.4316
15.8532
18.5825
20.6566
18.7726
23.6164
18.9148
22.9742
19.7455
16.2465
25.5846
21.3508
17.796
17.08
18.8248
20.183
15.186
16.3469
16.0455
11.8802
14.8269
12.6536
14.8491
21.3739
21.1805
16.3146
14.1946
12.6869
16.747
15.7606
13.4121
12.5184
19.3954
19.2972
17.1768
15.5608
10.9253
17.3387
22.064
15.9444
18.6484
17.2762
17.9437
21.4799
15.6173
17.1587
15.4486
9.00599
22.5608
15.3974
16.6362
11.566
17.6712
21.4591
11.3082
13.5404
22.8802
16.1953
16.7554
10.4132
14.0018
17.97
15.7825
17.5214
19.8051
20.3639
12.1259
16.9384
21.3189
18.4562
21.0977
17.6551
18.844
17.6267
17.7179
14.7263
18.0682
21.3706
18.0998
17.5022
17.4497
11.6853
11.6273
9.93038
11.36
19.2839
17.4676
18.3268
15.6437
17.3376
15.5747
19.6527
18.0498
13.9533
16.9663
15.8687
18.1523
16.479
14.9364
19.6291
0.1
8.89598
16.6298
20.0593
11.4184
19.2066
11.302
14.6025
18.5422
20.7065
18.1068
15.806
12.7375
20.9011
21.3304
22.8588
16.2084
16.2149
19.7967
14.2232
17.014
15.4298
15.8201
22.0069
22.762
18.8957
13.3647
13.6798
12.8451
18.8608
16.7475
14.1343
22.9657
19.7089
18.5469
18.6245
9.64474
18.6257
24.7959
17.9335
20.4644
18.6062
17.5346
20.0378
15.9545
18.1871
11.6765
9.88575
25.2468
14.4561
20.7008
12.2295
14.9483
18.6176
8.85454
17.1215
23.0496
18.4975
15.4077
13.7097
17.6867
14.7607
17.4978
18.5016
22.4041
16.1898
9.27324
15.5344
24.4305
20.35
17.3735
19.7422
20.8476
17.2305
15.8377
17.4657
15.4268
24.7212
19.9691
19.6759
17.7031
17.2201
16.1089
10.1226
14.2306
21.8099
20.4742
19.1358
17.365
13.5301
13.2096
20.2191
14.4955
13.3672
13.6843
18.8674
19.8159
18.2952
10.5557
20.0561
11.1354
0.1
15.0649
21.5002
7.806
22.1343
14.8529
16.5707
15.4072
21.9484
21.0696
11.2732
16.2982
21.7122
21.0099
29.3581
18.5929
18.7575
26.228
19.334
16.7864
17.6488
21.7523
23.3868
20.5937
21.6816
14.354
18.6056
17.1367
22.5981
21.7974
15.1181
27.1011
21.1296
20.3501
19.0369
16.1023
21.7525
25.0535
21.5814
18.5127
18.271
15.1293
15.4569
21.6756
23.6057
13.8623
13.953
24.5038
13.6221
24.1018
14.3062
9.97749
12.8408
14.0161
20.6598
23.4175
17.9508
15.0856
15.0566
19.7726
17.6954
16.4701
20.0407
26.9185
15.2275
13.2721
9.68417
27.306
27.7916
20.2199
18.4702
19.827
10.1674
18.022
18.2996
21.7756
27.2182
24.4696
20.5722
13.2829
23.3861
20.0391
8.97966
18.5658
23.7026
21.7566
16.6939
20.4231
13.7671
8.65831
20.7478
17.081
11.4472
21.7003
22.3156
19.5503
22.9745
14.357
18.9293
16.7698
12.1328
0.1
18.1478
14.9127
22.6109
16.8204
21.7717
16.9281
19.1523
26.0239
14.0131
24.1829
17.1602
18.3406
30.4302
18.9611
21.3634
27.6814
21.2625
11.5537
17.2728
24.1069
24.3675
14.3859
21.1249
17.5917
20.5711
23.2836
21.7178
22.3567
14.7848
25.944
22.5568
19.8385
16.1312
20.0132
22.2339
19.1836
21.9566
10.0427
16.6024
17.9673
20.8882
23.9107
25.406
20.4193
17.1069
21.8788
17.7907
22.1843
17.1135
19.9729
23.1746
18.6473
20.3945
24.8327
14.3931
19.8793
13.8281
17.2402
23.3541
13.3014
20.5526
26.7058
24.7714
17.6112
17.9852
24.9265
29.9857
27.0607
13.2397
14.0479
13.9102
22.8647
17.8491
26.4151
25.1877
25.2325
18.6734
17.1183
24.2994
19.7647
11.9285
18.9507
21.9687
18.4902
15.5736
20.9547
21.7322
17.5708
21.5063
23.2836
16.3969
26.6812
21.3916
17.3095
24.3653
20.8244
19.4886
18.7348
16.0336
16.8084
0.1
19.9094
17.1994
15.2475
22.8158
23.2943
13.6748
26.0056
22.1088
13.4265
20.2616
19.7675
24.0173
17.1563
14.7507
19.0122
13.0117
16.6371
15.9449
17.5504
20.6353
21.7653
17.8632
14.489
15.1586
12.5367
18.8827
16.6329
14.6337
22.5862
18.3191
19.3729
18.5049
7.34438
19.7373
24.4876
19.0187
19.7165
19.0653
18.0891
20.4918
16.7399
19.641
11.5477
7.92102
23.278
12.7253
20.9266
10.0413
14.2029
18.8893
10.5761
17.7998
21.5968
17.3442
16.4609
13.0793
17.601
14.9288
16.3635
19.522
22.3366
16.4332
11.0509
14.1264
24.9429
21.8318
17.285
18.6841
19.9911
16.4753
14.322
17.5391
16.436
23.4724
21.2416
18.4869
16.299
17.7868
15.5693
9.31364
14.6958
20.742
19.6319
17.7286
16.3345
13.3898
13.2705
18.8193
14.8733
11.5867
16.0346
18.5335
18.5736
17.3781
10.6585
18.541
11.1646
6.10125
14.459
20.8421
0.1
21.9467
14.8152
17.2167
14.7733
20.892
21.1922
10.3767
26.3743
14.4735
20.7608
26.2058
16.674
22.4
25.8242
20.8705
8.0306
15.425
22.2498
25.3914
18.7223
19.7974
18.4294
19.0083
24.9329
17.4459
19.7649
13.9513
21.6536
23.7259
16.9883
15.3762
20.8074
19.3769
11.4809
18.8269
14.9875
16.109
20.6618
24.7725
22.226
22.8146
22.4312
18.2149
25.459
20.6967
16.0388
18.8095
23.7433
27.3407
19.6602
17.2679
26.8266
16.5077
21.7915
13.4979
12.041
24.8428
16.1423
19.2369
22.9536
27.9574
18.3052
22.4477
17.7585
26.9239
29.0827
16.4545
15.4586
20.0358
24.8336
18.3348
26.4458
23.2736
21.7772
18.6881
22.4508
21.4155
17.4908
14.3731
16.1145
20.5718
15.9794
20.154
20.2551
24.3816
20.7415
23.1096
24.9871
19.8063
26.5539
17.9135
18.8587
23.3116
22.6294
22.5775
18.1775
16.7258
21.2203
17.4285
21.2437
0.1
12.4932
20.0434
25.5514
19.3929
22.0872
24.7237
21.8055
11.8562
18.3207
21.3825
14.3163
19.2488
20.2702
16.2216
11.4333
9.57774
17.0534
23.1602
19.5715
17.2451
14.9707
14.377
20.8084
15.1383
15.5537
10.3285
19.191
21.2972
15.2957
10.3607
16.1301
16.5126
18.1084
14.9178
16.215
14.5605
17.6517
21.9633
18.5118
18.5798
18.7732
13.49
22.3494
17.7317
12.4593
14.7401
20.1764
23.4727
14.8098
10.6932
24.6606
14.9158
17.8229
8.6031
8.00077
21.3068
14.9896
16.1152
20.5093
23.669
14.7164
18.9636
17.621
21.3525
24.9752
15.9299
16.7954
17.8813
21.216
12.0743
22.1632
21.205
17.7802
17.3633
18.4606
14.3015
12.5747
11.1252
12.216
19.2265
15.6338
18.5352
17.513
20.5519
17.4464
21.1215
21.3522
16.1575
21.4556
15.7573
17.9272
19.5258
18.6474
20.7176
12.2524
12.8604
18.0853
17.6999
16.4285
14.3103
0.1
16.3623
21.9337
19.5295
18.9074
19.9237
22.6256
22.239
24.6893
11.8012
15.3053
19.3819
18.4988
16.4292
17.5718
17.0038
15.4233
23.8975
25.2233
18.4022
17.758
13.9248
20.4952
12.9462
12.1848
16.1466
17.8043
22.0293
17.8531
21.2388
16.8873
16.9058
23.8639
16.1776
22.7435
20.6767
22.6814
26.2158
10.8395
14.1364
19.3734
16.4772
29.8012
20.0449
17.1912
17.8299
23.0154
27.0846
17.3
16.9885
25.9767
21.1144
21.5846
15.908
16.7784
20.397
20.1594
20.1086
15.334
25.5065
15.1498
23.0027
20.3216
12.3407
24.3389
22.3266
22.2941
22.8454
21.5587
21.6172
18.4537
24.2237
16.5407
20.6915
24.8567
15.2734
15.2919
15.1939
8.47043
21.3592
20.1466
23.2028
17.2889
21.8657
20.3684
22.6968
20.881
20.1106
18.6347
14.7311
21.7572
17.6066
19.1764
23.7317
14.9315
13.5311
22.0774
24.9811
18.0059
21.6563
15.4314
0.1
22.1477
25.082
12.5485
22.2347
13.804
26.1453
24.6093
29.7918
20.7973
15.7579
25.4721
18.6565
20.204
21.4313
22.9758
21.4956
24.6988
21.7775
18.0904
20.0306
9.88743
23.2519
21.6298
19.0527
27.511
19.0909
23.3521
24.3982
15.0788
23.9843
28.7224
23.9979
23.2436
23.3499
21.8485
22.7098
19.769
24.2079
9.2977
15.5712
28.9164
13.3961
26.681
15.645
14.353
20.2459
16.6679
23.8591
21.5002
21.5921
20.4704
18.1893
22.7694
9.91383
19.7519
24.0977
26.3225
15.36
13.9728
16.5194
30.2092
27.6791
9.58749
22.5993
23.3019
18.738
12.0335
24.0517
17.1035
28.3051
26.3564
21.8717
21.3177
24.9661
21.2694
13.5262
19.1515
24.3566
23.884
20.1724
19.3733
11.4576
15.0001
19.7306
10.6076
15.6893
19.7014
22.6637
21.3791
21.18
10.8883
19.6634
18.2793
12.1304
16.5489
24.5882
14.8954
26.6163
19.9415
21.3518
0.1
23.5559
25.7917
15.1479
25.5161
19.6142
16.5666
32.6401
21.5654
20.1836
27.9769
21.3873
13.5782
20.4732
26.5982
21.824
8.24252
20.1048
20.4391
22.8604
23.7646
22.5505
22.9987
18.0468
26.1259
20.3765
22.9554
20.3597
20.5956
25.0804
20.8397
24.8395
11.3997
20.9814
22.0183
24.4274
24.825
27.6861
21.1382
18.0559
19.5921
16.8917
24.4787
17.2554
20.9971
25.7464
20.7767
23.4021
21.8684
13.5209
23.2056
15.413
19.4477
23.8052
11.0772
24.2987
26.981
26.2881
19.317
18.714
27.7977
32.1328
27.4441
11.8709
11.716
15.8917
22.1839
21.941
27.2699
23.583
28.0673
16.4277
19.0565
26.3581
20.5214
13.4547
20.261
20.1754
17.7246
11.9598
19.9263
22.6927
19.4434
18.7498
24.0117
16.9302
28.4092
21.5378
13.835
23.8549
21.7068
16.0542
20.2552
17.1424
18.5786
14.3219
20.9024
20.0444
17.6192
23.9933
23.3738
0.1
26.7535
23.4288
24.6212
21.4846
23.7068
17.5479
17.1876
19.1079
17.5987
16.3887
16.8745
18.1622
19.125
22.6959
24.3175
16.2216
19.573
16.8914
22.048
8.93752
10.7886
17.2239
12.783
21.1257
19.3617
21.6482
17.9564
19.2239
22.5199
18.5178
22.1221
21.6897
24.1462
27.7901
14.3672
18.3535
20.8127
17.2493
28.789
20.2892
16.6945
18.1019
24.1749
28.822
19.1588
18.4346
25.0985
20.301
23.4844
15.7726
16.2488
21.9744
19.4192
21.9814
9.69217
27.3627
17.1489
23.7291
20.4042
18.871
26.0196
21.518
21.1672
23.3701
22.1252
22.5846
21.0109
21.4125
19.6485
19.0302
25.4058
17.1127
14.276
15.7533
10.2651
18.919
18.1168
22.7391
15.6689
23.3812
21.6762
21.7187
22.6036
20.6302
22.0702
10.6896
20.4981
16.3095
20.7669
23.0748
16.1677
15.0218
23.0409
24.8607
19.3529
20.8375
15.5708
10.9598
23.3587
24.4184
0.1
23.8102
10.5557
21.7337
21.1005
26.2397
17.737
16.1739
22.4724
16.0588
17.3672
16.9798
18.9822
21.8287
22.1605
19.8982
13.9932
16.3492
12.0248
20.7811
19.1027
15.1076
24.9378
19.4639
19.9261
19.4416
11.5359
20.5419
25.4957
20.1372
20.1277
19.1957
17.1375
18.6691
18.4739
21.0203
9.36346
10.8683
24.7367
12.5428
22.7664
12.0074
10.9046
15.8242
10.8833
19.3089
22.3247
18.3717
15.3788
14.4869
19.0899
14.155
17.1081
19.8064
24.4782
12.7318
10.5948
12.3121
26.371
24.122
16.1689
19.4462
20.7149
15.2518
14.7007
18.3937
17.4154
25.7008
22.5431
19.9093
15.8305
20.4847
17.9799
9.29742
16.4939
22.5009
21.1916
17.9465
18.2831
10.1563
10.5873
19.7349
13.5606
11.2463
17.0674
20.5052
19.5549
19.8987
8.70819
18.9679
13.9021
7.92374
12.2228
20.8182
9.33599
22.974
16.161
19.1228
13.515
21.0631
23.4525
0.1
