0
7.61787
7.17313
7.51851
7.78501
5.80971
6.13965
5.20538
9.42293
6.16788
5.38699
8.64862
10.0015
7.97118
4.53682
5.33857
1.86259
8.96794
6.91986
6.28093
9.08619
7.75136
8.49603
6.66649
3.30983
7.80104
11.8193
7.10294
9.18539
7.55619
5.43981
5.38368
6.51027
6.68365
0.955045
3.72107
6.95359
4.47332
8.21724
4.2722
2.63175
3.31547
2.86956
6.43203
8.69384
7.47713
4.12807
6.1566
7.85698
2.77087
7.71288
6.83314
9.64047
1.4642
2.51512
3.79814
9.93138
6.31344
2.70358
8.12637
9.97483
5.66564
4.07973
5.6454
4.01765
8.69365
7.35309
8.62163
4.75109
5.87304
6.58906
4.1354
6.96189
9.29078
9.14784
7.28171
7.52807
1.16123
2.76386
8.3031
2.08916
3.92403
3.33011
8.9349
8.78558
6.76389
0.726497
7.72249
4.51128
2.30601
3.78192
8.34283
2.56326
9.92677
6.78007
7.30089
2.70995
9.29008
8.64864
1.58111
7.61787
0
2.95213
6.39651
6.59943
7.00859
4.81841
4.72082
2.02286
3.27367
5.96795
7.948
4.82037
4.63909
6.22452
5.69991
8.00857
5.01269
4.88347
3.8305
5.00354
7.57036
6.24799
2.00283
5.33812
6.62334
4.27847
5.44383
3.31709
4.71873
5.87562
7.65223
7.99084
6.98343
7.92996
4.16813
3.19404
6.38128
3.32648
4.29158
7.13328
7.5607
5.26405
3.5348
8.65338
2.40569
6.15133
1.51818
1.8743
9.79518
3.22085
5.69166
6.87681
8.08082
7.04324
5.76987
5.19302
6.44824
9.62339
2.73094
3.68063
5.70061
7.81658
2.79533
8.985
4.17644
6.19348
4.26053
4.11875
3.94838
3.11198
3.91712
4.89677
4.89945
2.93624
4.95095
5.76944
7.94864
6.85327
7.38323
9.53316
4.80151
7.60282
4.88967
4.69135
5.97761
7.4389
6.6223
3.82561
5.73492
6.18974
3.86173
5.38853
2.74421
1.83865
6.49446
8.9823
5.04888
6.06034
6.20201
7.17313
2.95213
0
8.08405
8.95227
5.05447
4.72951
4.15062
4.10752
5.45041
7.50159
5.487
3.55848
3.68743
7.49184
7.29179
7.10979
6.45713
5.51826
5.96311
5.73744
5.1298
8.82839
4.22089
4.73693
8.94999
6.38402
7.70663
3.42588
6.97263
7.01991
8.21117
8.61316
8.68825
7.12429
3.78302
0.373482
4.2781
5.76971
3.05566
6.18349
7.42871
5.80717
5.74972
5.89317
0.783597
7.11493
2.67554
4.54191
8.92313
0.908191
7.87001
7.59892
7.53656
7.60414
4.54013
7.97139
7.80351
8.58895
1.58091
3.08172
4.96789
6.0405
4.46557
8.84347
3.2601
8.35045
2.33412
3.36295
5.35101
3.81448
3.66651
6.42589
3.71821
2.96235
2.3661
4.50563
7.17103
6.61647
4.66661
8.82759
3.54469
8.05369
5.58991
2.12775
5.19254
6.80524
3.6896
4.47567
5.75001
5.57808
4.24782
4.9364
5.44629
4.23858
7.70841
7.65843
3.46378
7.10592
5.62641
7.51851
6.39651
8.08405
0
4.24591
8.26203
4.55254
5.28338
7.91567
4.58931
2.71191
10.291
11.0791
6.71115
6.26139
2.93623
7.66414
3.5485
3.45635
5.40639
4.88635
9.78005
5.12658
6.03165
5.76458
3.73365
8.78675
3.07434
9.67738
6.87224
7.79702
9.52314
3.24196
1.93987
8.09713
5.8428
8.22789
9.11711
3.6516
6.78174
9.09557
9.11417
5.48719
3.62772
11.4923
8.066
6.90985
5.7811
4.83387
8.79455
8.83595
5.48265
4.54073
8.7023
5.84654
8.84286
4.40208
1.31085
9.0571
8.80181
9.88062
9.88993
8.76523
5.76123
6.04848
7.29869
2.44642
8.44909
8.04231
2.81535
4.43734
7.08265
1.71201
8.00537
7.37831
10.0487
6.94299
8.56003
8.49921
10.474
8.70012
7.90509
4.80098
4.86193
9.61797
5.87091
7.41597
10.7679
4.25469
5.46077
9.01613
9.68782
6.0296
7.18099
4.77676
1.44953
9.28499
11.1485
3.21387
7.19961
7.78501
6.59943
8.95227
4.24591
0
10.5685
7.40225
7.60994
7.56007
3.54702
3.10329
12.7594
11.1173
9.27883
4.12032
2.92551
8.85236
6.62551
6.69245
3.46973
7.98111
12.1377
1.34566
5.15375
7.31466
0.569603
8.5403
1.52295
9.21221
4.01111
5.39186
7.19526
6.78595
3.13894
8.64472
6.79037
9.04638
10.0754
4.65003
7.89835
8.8368
7.83649
5.26436
3.2729
13.5803
8.64829
4.9991
6.28245
5.25696
9.90986
9.4137
2.12499
8.39909
8.39917
5.42419
8.74362
4.0602
4.38308
10.1304
9.07426
10.1964
8.91383
10.441
4.84713
8.08808
9.52058
1.80063
10.2151
7.77388
4.6603
6.53134
6.8866
4.78429
10.3311
8.8939
10.5303
9.80361
8.6878
7.56925
12.5262
9.38293
8.20753
5.92491
7.9295
10.9334
8.97128
8.04112
12.0264
5.47884
6.24403
8.22294
8.55274
6.99814
6.60911
4.8673
5.56556
10.2943
11.0706
7.02377
7.48133
5.80971
7.00859
5.05447
8.26203
10.5685
0
3.98433
3.15001
8.77765
7.85811
7.8484
2.98558
8.22769
4.0873
8.7494
7.86019
4.44769
7.43934
5.34299
8.55683
6.49405
2.1342
11.0781
7.6584
3.45547
10.3923
10.8174
9.2205
8.42643
10.1045
9.21437
9.87183
6.77964
8.8213
5.27102
4.17217
4.91085
3.27152
8.10718
3.39967
6.01206
8.01458
6.24276
7.78329
3.60471
5.7913
8.42394
5.8208
7.63216
5.842
5.77466
9.98091
7.21066
6.6741
7.23942
5.38615
10.5137
7.50103
5.52088
6.61766
7.96682
7.45369
2.35881
7.24979
5.97816
4.99003
9.42198
4.84351
5.75386
6.23127
5.11731
5.59684
6.95992
5.14283
6.41072
5.45422
3.00476
5.85403
7.13845
3.17157
6.31123
4.56123
6.62242
6.3454
5.2759
3.10382
5.10369
4.19451
5.13779
5.05491
6.77016
8.78776
4.1806
9.66338
7.13045
7.22966
4.77311
7.84178
7.02619
5.02925
6.13965
4.81841
4.72951
4.55254
7.40225
3.98433
0
1.21016
6.71991
5.13472
4.92948
5.74325
8.20657
2.64608
7.05667
4.97372
5.51027
3.58008
1.37591
6.10198
3.11265
5.24877
7.91989
5.44882
2.93783
7.11872
8.28609
5.91492
7.571
7.7911
7.92036
9.31852
4.13909
5.58181
6.21577
3.25672
4.82608
5.53459
4.48398
3.44742
7.0142
8.14117
4.8866
4.65183
6.97527
5.09422
7.1327
3.78726
4.51526
7.09759
5.63125
7.36466
3.84335
7.31261
6.05133
6.28894
6.8007
4.15489
7.073
6.02222
7.22867
7.83694
5.24265
5.21171
5.4238
3.6305
5.99943
4.57689
5.7066
2.76738
1.80034
5.0579
3.10634
4.2367
4.59263
6.54072
2.51658
6.78622
7.26226
5.95688
7.28483
5.10561
5.1397
2.96284
5.7653
1.59647
5.65276
6.58329
2.68446
4.09119
7.19013
8.0107
3.77259
6.97006
4.28975
3.57108
6.7809
8.18297
3.23111
5.27508
5.20538
4.72082
4.15062
5.28338
7.60994
3.15001
1.21016
0
6.69086
5.05086
5.04379
5.26161
7.70549
2.91301
6.58413
5.04148
4.55812
4.65707
2.49555
5.90743
4.17332
4.6309
8.10839
5.19893
1.90319
7.39754
8.5769
6.18806
7.15318
7.57793
7.313
8.52739
4.67645
5.9667
5.19851
2.28766
4.16122
4.3434
5.05892
2.32975
5.89146
7.18524
4.22867
4.78497
6.25907
4.60387
6.51665
3.45815
4.79947
6.24875
5.04583
7.26447
5.04793
6.3025
5.47852
5.16382
7.41713
4.66404
6.14741
5.54307
6.95771
6.85766
4.16642
4.82693
5.10869
3.84454
6.38627
4.37986
4.75645
3.10394
2.21019
4.15745
3.8646
4.43907
4.78242
5.66435
2.62287
5.73612
6.28529
5.2977
6.40457
4.00233
4.82865
4.01262
5.31011
1.93517
4.6794
5.69524
2.31424
3.32167
6.14918
7.44059
2.7781
7.16815
4.32443
4.43617
5.72473
7.52843
4.41425
4.2378
9.42293
2.02286
4.10752
7.91567
7.56007
8.77765
6.71991
6.69086
0
4.6094
7.60837
9.29378
4.32484
6.10299
7.5206
7.31212
9.92948
6.26211
6.66272
4.87587
6.27425
9.03628
6.87414
3.15783
7.32804
7.65775
2.66677
6.63962
2.5859
5.09731
6.77819
8.54971
9.85781
8.51753
9.74897
6.109
4.36859
7.95478
4.41822
6.13765
8.63934
8.87018
7.02117
4.95807
9.91441
3.36687
7.4395
3.50057
3.08342
11.7112
3.95179
6.58441
8.23622
9.71807
8.76826
7.18122
5.57659
8.16036
11.5131
3.09669
3.06721
6.51504
9.64386
4.19525
10.9855
5.32179
7.45545
5.22036
5.44894
5.77136
4.97707
5.48804
6.53947
5.89026
3.60673
5.74953
7.39282
9.66689
8.27103
8.62547
11.3974
6.3835
9.50626
6.19528
5.37319
7.7891
9.29495
7.6642
5.81088
7.65816
7.45407
3.52178
7.32167
1.69502
3.44844
8.17012
10.8091
4.87032
7.5328
7.98035
6.16788
3.27367
5.45041
4.58931
3.54702
7.85811
5.13472
5.05086
4.6094
0
3.23106
9.75278
7.67257
6.47194
3.42953
2.87453
7.05611
5.2908
4.88113
1.0525
6.07071
9.15797
3.47236
1.75766
4.88645
3.64183
6.38375
2.5582
5.89892
2.71329
3.86235
5.89494
6.54938
4.36443
6.82226
3.91047
5.53639
7.06196
2.97597
4.81875
6.46293
6.09575
3.30778
1.00861
10.4429
5.12862
3.74882
2.82187
2.57183
8.57208
5.87618
2.5928
7.23285
6.70562
4.64771
5.82445
4.15814
4.44234
8.57875
5.56502
6.84118
5.96256
7.95625
1.45526
7.40576
6.55383
3.44671
6.94624
4.53357
2.72064
3.85405
3.74478
3.75688
7.36819
5.83786
7.02194
7.15605
6.81563
5.55056
9.33262
8.1165
5.10845
5.45674
5.96669
7.48468
6.67844
6.23842
8.62604
2.89034
4.30397
5.63559
5.39738
4.59715
4.30129
1.65169
5.23004
8.31851
7.58971
5.96918
5.21527
5.38699
5.96795
7.50159
2.71191
3.10329
7.8484
4.92948
5.04379
7.60837
3.23106
0
10.2945
10.408
7.25827
3.64915
0.393188
6.06715
5.39115
4.47214
3.72425
6.42351
9.61483
4.14394
4.87886
4.61414
2.84502
9.11702
2.15551
8.8816
5.23469
5.40914
6.95223
4.05378
1.54186
6.14256
4.51974
7.54314
7.79578
4.31831
5.67653
6.95043
6.59575
3.20791
2.71097
11.1394
7.46205
4.32545
5.02942
4.86231
7.15386
8.16777
3.58011
6.64633
6.38361
3.32104
6.98407
5.23504
1.93836
7.39731
8.13997
9.55642
7.93832
7.6723
4.20592
5.08601
7.82789
2.03346
8.55647
6.37357
2.62921
4.6784
5.34604
2.96369
8.60823
7.77446
9.02941
7.4165
6.42772
6.08965
10.2109
6.80115
6.31001
3.05349
6.33727
9.37695
6.37588
5.48308
10.0236
3.17871
3.60952
6.8358
8.39955
4.44506
7.1528
4.19619
3.43018
7.6283
10.2293
5.28093
5.20216
8.64862
7.948
5.487
10.291
12.7594
2.98558
5.74325
5.26161
9.29378
9.75278
10.2945
0
7.84184
4.29931
11.212
10.2779
7.37439
8.49565
6.94032
10.4895
7.11838
0.908823
13.0801
9.16608
6.14116
12.5802
11.0071
11.3281
8.69652
11.8969
11.3592
12.099
9.11439
11.1949
8.08278
6.472
5.41211
5.06761
9.46142
5.46465
8.32025
10.4058
8.79945
9.68343
1.75638
6.24216
10.8473
7.21456
8.84476
8.70014
5.97969
12.1432
8.05897
9.33484
10.0359
7.30392
11.8928
9.79512
8.32069
6.87301
7.63573
8.92433
4.9904
9.06093
8.8635
4.76001
11.5917
4.25602
7.40699
8.21785
6.53153
7.54518
8.80932
4.42785
6.33559
5.67033
3.50765
8.54411
9.53499
1.33791
9.19104
6.49102
9.49431
6.9979
4.4834
4.55223
7.96533
3.64175
7.35362
7.79668
8.80745
9.56329
6.85301
10.3856
8.63729
9.1972
7.4378
7.66735
8.2937
7.67068
10.0015
4.82037
3.55848
11.0791
11.1173
8.22769
8.20657
7.70549
4.32484
7.67257
10.408
7.84184
0
6.73916
9.63951
10.1274
10.2122
9.19455
8.81626
7.84558
8.51474
7.72567
10.6088
5.98129
8.12959
11.2376
6.12908
10.1165
2.13089
8.12713
8.46277
9.45077
12.062
11.6139
9.95992
7.02375
3.59947
6.81634
8.07114
6.35077
8.32391
9.24732
8.60023
8.19974
7.79402
3.18093
9.15291
5.43732
6.64478
11.9553
2.6753
9.72933
10.5637
9.96337
10.4053
6.58438
9.74914
10.9623
11.5454
2.32134
1.7462
5.74511
9.04486
6.56544
12.2629
5.86118
10.9238
4.62141
5.3807
8.42455
7.02855
6.10385
9.46777
6.0242
4.83763
3.32682
7.72542
9.76527
8.64782
6.75587
11.7403
6.11154
11.279
8.40044
3.49801
8.63185
9.75199
5.1495
7.69661
8.89181
7.2751
3.54273
8.12854
6.01008
6.56915
10.9234
10.4729
1.15702
10.1515
8.42707
7.97118
4.63909
3.68743
6.71115
9.27883
4.0873
2.64608
2.91301
6.10299
6.47194
7.25827
4.29931
6.73916
0
8.87461
7.22402
7.25148
4.33021
3.32593
7.39279
2.98616
4.15848
9.49321
6.08786
4.69012
9.05012
7.45648
7.77811
6.6593
8.84439
9.22259
10.6218
6.64874
7.9516
7.87164
4.60225
3.87891
5.75821
5.3761
4.14183
8.10337
9.51681
6.76637
6.16468
5.70027
4.13569
8.79599
4.17497
4.976
8.93475
4.47938
9.00492
4.49106
8.90467
8.24222
6.91144
7.74339
6.60391
8.756
4.95868
5.67421
8.14921
6.06746
6.22607
7.82772
1.22227
8.03297
2.34384
6.13519
4.74249
2.75223
5.89106
5.09296
1.6237
2.89104
5.5844
1.45276
8.32753
8.6098
4.46509
9.16869
5.69086
7.65829
2.85015
3.80108
2.39648
7.42716
5.33564
4.56317
6.12639
8.07149
7.66144
5.47345
6.72661
5.1002
5.8097
8.14324
6.93766
4.51113
6.7955
4.53682
6.22452
7.49184
6.26139
4.12032
8.7494
7.05667
6.58413
7.5206
3.42953
3.64915
11.212
9.63951
8.87461
0
3.34829
6.11628
8.17838
7.12383
2.89442
8.93402
10.4365
4.49665
4.39169
5.37976
4.40683
9.55446
4.07952
7.99601
3.61483
2.09716
3.38078
7.29126
4.96538
5.42529
4.75084
7.41357
7.23887
6.24508
5.78186
5.10774
3.74295
2.52732
3.98719
11.5445
7.32618
0.946022
5.33358
5.97069
7.11876
7.85468
2.59728
9.7373
4.65348
2.60825
5.41099
7.02186
5.5397
7.19497
7.72572
9.32192
5.61636
7.87779
3.4468
6.71064
9.20264
4.67044
9.3398
4.97247
4.97464
6.44234
4.17339
6.02528
9.98553
8.80367
8.23559
9.13203
5.15466
3.61212
10.7167
6.35591
5.34995
4.5221
8.81369
9.59368
8.42024
4.99225
9.75808
4.41707
3.91395
4.51717
6.79347
4.60286
7.45782
4.91508
6.92293
7.18524
9.17796
8.41477
4.29215
5.33857
5.69991
7.29179
2.93623
2.92551
7.86019
4.97372
5.04148
7.31212
2.87453
0.393188
10.2779
10.1274
7.22402
3.34829
0
6.09915
5.4325
4.5503
3.33579
6.4516
9.59687
3.89371
4.53474
4.58246
2.72251
8.85976
1.95946
8.56675
4.84833
5.05477
6.64922
4.39171
1.84026
6.10773
4.37658
7.33213
7.6719
4.17071
5.53959
6.77534
6.36888
3.00749
2.41774
11.0908
7.22371
4.02574
4.78383
4.63262
7.23588
7.93149
3.23298
6.79304
6.27196
3.25132
6.76755
5.09241
2.2523
7.45226
7.87586
9.295
7.63483
7.67198
3.85437
5.3215
7.74522
2.01818
8.42687
6.10293
2.56578
4.59972
5.08267
3.04288
8.53567
7.61778
8.80191
7.43718
6.34463
5.86837
10.1456
6.84714
6.10735
3.23691
6.36156
9.20547
6.45215
5.45316
9.87751
3.05212
3.55059
6.58068
8.04856
4.36282
6.86941
3.9231
3.67938
7.63024
9.94453
5.421
5.07752
1.86259
8.00857
7.10979
7.66414
8.85236
4.44769
5.51027
4.55812
9.92948
7.05611
6.06715
7.37439
10.2122
7.25148
6.11628
6.09915
0
8.74537
6.48193
7.40357
8.61262
6.47723
9.63043
7.48514
2.87257
8.76705
12.2605
7.9433
9.68743
8.86447
7.0532
7.15067
5.99518
7.19648
1.29548
3.84136
6.89344
3.98391
8.5573
4.08147
3.60155
5.00256
3.9862
7.14099
7.48205
7.57828
5.78462
6.49375
8.26538
1.83178
7.75365
8.15002
8.9991
2.9896
3.89545
4.40001
10.5149
6.44918
1.66111
8.33506
10.1241
6.6413
2.6212
6.57103
3.25153
8.13657
8.07625
8.11679
5.42349
6.06938
6.414
4.8841
6.99969
8.62905
8.95265
7.25607
6.51077
2.20369
4.34965
7.23314
1.94423
4.25069
3.64451
8.46188
8.39026
5.72271
1.23129
7.10646
4.7334
2.77966
4.9569
9.16477
2.64727
10.5121
7.31604
7.097
1.64313
9.54811
8.21591
2.43465
8.96794
5.01269
6.45713
3.5485
6.62551
7.43934
3.58008
4.65707
6.26211
5.2908
5.39115
8.49565
9.19455
4.33021
8.17838
5.4325
8.74537
0
2.35218
6.31442
1.63778
8.25084
6.90175
5.81712
6.1192
6.24327
6.67785
5.20566
8.1658
7.70594
9.05271
10.9232
5.15906
5.32636
9.29401
5.9592
6.7195
8.76348
2.74695
6.38754
9.85188
10.4221
6.87215
4.44597
9.92475
6.43917
8.55776
4.91999
3.67901
10.2506
7.1799
7.27377
2.28559
10.0849
7.98596
9.0016
4.36712
4.26888
10.3253
7.13808
7.71327
9.9169
8.8036
6.05122
7.9412
4.60272
5.1478
6.03086
7.89113
3.33859
3.0049
7.2146
2.45639
5.19003
4.66705
8.75571
5.04514
9.75923
9.64145
8.73442
10.3105
7.81732
7.14364
1.68041
7.42774
4.58448
8.65406
9.28906
4.65861
6.67864
9.59619
8.86151
6.69421
5.71176
4.29686
3.13895
10.1608
9.55573
1.49075
8.11187
6.91986
4.88347
5.51826
3.45635
6.69245
5.34299
1.37591
2.49555
6.66272
4.88113
4.47214
6.94032
8.81626
3.32593
7.12383
4.5503
6.48193
2.35218
0
5.91413
2.36849
6.52324
7.22223
5.45452
3.9531
6.34385
7.88525
5.18553
7.95823
7.57762
8.13079
9.72751
3.70684
4.81687
7.14238
4.12163
5.67698
6.80225
3.62019
4.54549
7.96522
8.80249
5.28192
4.17584
8.26195
5.72759
7.36796
4.10483
4.06367
7.98239
6.37946
6.99343
2.86155
8.12464
6.34419
7.27909
5.76469
3.38518
8.03974
6.59855
7.64174
8.62324
6.53732
5.32345
5.8507
4.11238
5.15314
5.32167
6.508
2.2822
1.85287
5.7721
2.01942
4.75323
4.76929
7.54799
3.51275
7.6943
7.96978
7.19678
8.11446
6.10587
5.32619
2.2549
6.62418
2.62624
6.52395
7.80494
3.02206
4.71898
8.00496
8.42198
4.65446
6.57862
4.06836
2.49242
7.88205
8.9137
1.95187
6.1441
6.28093
3.8305
5.96311
5.40639
3.46973
8.55683
6.10198
5.90743
4.87587
1.0525
3.72425
10.4895
7.84558
7.39279
2.89442
3.33579
7.40357
6.31442
5.91413
0
7.10594
9.86811
3.20057
1.94208
5.50154
3.72217
6.69411
2.91929
5.96328
1.7594
3.02058
5.12785
7.36036
4.88636
6.99214
4.4639
6.01442
7.39957
3.8803
5.35907
6.38617
5.68326
3.4734
1.95572
11.0531
5.58261
3.19625
3.49197
3.39016
8.84226
6.27144
1.93646
8.27922
6.6139
4.67092
5.84239
4.65484
5.21138
8.83937
5.89228
7.17415
5.6584
8.44124
1.56447
7.92852
7.42301
3.87466
7.6723
4.57679
3.72151
4.84623
3.8684
4.74608
8.22781
6.60329
7.28248
8.07145
6.85559
5.26859
9.97691
8.28129
5.32578
5.85409
7.00212
8.04883
7.61965
6.45767
9.06468
3.69206
4.71098
5.3921
5.15618
5.051
4.58938
2.50907
6.15326
8.57563
7.69173
7.00444
5.3846
9.08619
5.00354
5.73744
4.88635
7.98111
6.49405
3.11265
4.17332
6.27425
6.07071
6.42351
7.11838
8.51474
2.98616
8.93402
6.4516
8.61262
1.63778
2.36849
7.10594
0
6.98511
8.22174
6.2296
5.93593
7.63765
6.8219
6.49993
7.84779
8.53508
9.63496
11.3883
5.71494
6.58546
9.25158
5.84202
6.00886
8.1367
3.80978
5.96845
9.75573
10.6613
7.28051
5.38301
8.62842
5.84947
9.16337
4.88615
4.22366
10.1849
6.48068
8.34374
2.09818
10.1892
8.546
8.75686
5.74659
5.32556
10.1816
6.58334
7.05713
9.79348
8.18985
6.4933
8.15537
3.27159
6.53611
4.81306
7.72156
4.03327
2.80658
7.18877
3.54644
3.7362
3.77547
7.99933
3.76679
9.7495
9.8151
7.43498
10.3496
7.51886
7.6805
0.16889
6.31202
3.65219
8.66561
8.22078
4.90153
6.87766
9.5839
8.78153
6.65176
6.11262
4.79848
4.12841
9.87659
8.90538
2.12346
8.11235
7.75136
7.57036
5.1298
9.78005
12.1377
2.1342
5.24877
4.6309
9.03628
9.15797
9.61483
0.908823
7.72567
4.15848
10.4365
9.59687
6.47723
8.25084
6.52324
9.86811
6.98511
0
12.4962
8.63301
5.3353
11.9703
10.8993
10.7344
8.42819
11.2989
10.622
11.307
8.54197
10.5668
7.17574
5.71866
5.01685
4.24595
9.07617
4.71516
7.46313
9.55943
8.00396
9.11601
1.81835
5.90615
10.0577
6.70257
8.45484
7.81912
5.67674
11.4817
7.91723
8.43855
9.19637
6.51908
11.5203
9.20056
7.43332
6.58901
7.55683
8.25624
4.09195
8.44353
8.08205
4.73902
11.0019
4.24477
6.72042
7.65501
6.09444
6.82239
8.32479
4.55941
6.26951
5.27321
3.27452
7.64153
8.69068
1.34749
8.29203
5.72376
8.69439
6.85187
4.46056
4.14006
7.0667
3.33827
6.68408
6.97306
8.01729
9.13965
6.02203
10.1138
8.14533
8.71628
6.54155
7.45467
8.01431
6.80033
8.49603
6.24799
8.82839
5.12658
1.34566
11.0781
7.91989
8.10839
6.87414
3.47236
4.14394
13.0801
10.6088
9.49321
4.49665
3.89371
9.63043
6.90175
7.22223
3.20057
8.22174
12.4962
0
4.77664
7.90439
1.75844
7.6895
2.21286
8.60353
3.22975
5.25712
7.18399
7.86218
4.34349
9.33675
7.17483
8.94354
10.386
4.5676
8.20012
9.1905
8.12479
5.81486
3.40243
13.8648
8.41769
5.27
6.21522
4.98431
10.8058
9.18186
1.97231
8.89033
8.97235
6.25243
8.91799
3.62518
5.4066
10.9655
8.71793
9.68514
8.75461
11.0404
4.69899
9.1832
9.564
2.80875
10.1741
7.76167
5.15919
6.78003
6.98585
5.38656
10.3707
8.68996
10.3989
10.1881
9.29377
7.88341
12.7513
10.2439
8.39913
6.99689
8.17347
10.8039
9.51514
8.75204
12.0956
5.94211
6.93083
8.34803
7.93256
7.56365
5.81203
4.7085
6.42065
10.9997
10.6283
7.55487
8.00292
6.66649
2.00283
4.22089
6.03165
5.15375
7.6584
5.44882
5.19893
3.15783
1.75766
4.87886
9.16608
5.98129
6.08786
4.39169
4.53474
7.48514
5.81712
5.45452
1.94208
6.2296
8.63301
4.77664
0
5.1687
5.30157
5.36972
4.2541
4.15089
2.85537
3.98485
5.91377
7.79021
6.06027
7.17001
3.9106
4.31638
6.51322
3.52979
4.45079
6.27958
6.15627
4.03915
2.50712
9.71795
3.74209
4.36187
1.99459
2.37339
9.1449
4.45319
3.86018
7.78994
6.99051
5.69382
5.2354
4.93643
5.91745
9.02756
3.99714
5.23832
4.94938
7.90138
1.07894
8.43548
5.89992
5.15042
5.9707
3.628
3.71163
3.9213
3.18494
4.86187
6.66925
4.89835
5.69863
6.96014
7.05873
5.57599
8.56116
8.7037
4.51912
6.68085
6.11359
6.25423
6.83065
6.6705
7.57666
3.4564
4.95666
5.17916
3.71525
4.89301
3.37459
1.52733
6.45007
8.51701
5.92596
6.70176
5.40233
3.30983
5.33812
4.73693
5.76458
7.31466
3.45547
2.93783
1.90319
7.32804
4.88645
4.61414
6.14116
8.12959
4.69012
5.37976
4.58246
2.87257
6.1192
3.9531
5.50154
5.93593
5.3353
7.90439
5.1687
0
7.18763
9.5225
6.09938
7.45418
7.1302
6.17523
7.06585
4.9345
5.81735
3.33471
1.36669
4.61831
3.47976
5.91041
1.83034
4.19711
5.47852
2.85733
4.86268
6.70356
5.15363
5.18285
3.83844
5.55019
4.64745
5.51137
6.68101
6.68356
4.41412
3.9382
3.87563
8.07936
4.81177
4.5268
6.00843
7.70108
5.83374
3.22899
4.457
4.13714
5.49252
6.35285
5.66661
3.93081
3.58237
3.56283
3.21635
4.64899
6.09243
6.17416
5.6526
4.31161
3.85469
4.59494
5.96349
4.64643
2.96019
3.65907
5.77757
6.20391
3.59814
2.7958
5.88229
2.15829
1.67994
4.70217
7.27253
0.970959
7.86266
4.71852
5.17336
4.12167
7.70305
5.85119
2.40745
7.80104
6.62334
8.94999
3.73365
0.569603
10.3923
7.11872
7.39754
7.65775
3.64183
2.84502
12.5802
11.2376
9.05012
4.40683
2.72251
8.76705
6.24327
6.34385
3.72217
7.63765
11.9703
1.75844
5.30157
7.18763
0
8.58551
1.29118
9.37573
4.4324
5.77869
7.58274
6.34036
2.67657
8.6423
6.73953
9.05405
10.0758
4.44166
7.85095
8.96897
8.08282
5.30855
3.21311
13.4593
8.67609
5.28527
6.27503
5.18477
9.82142
9.45458
2.58056
7.95166
8.50636
5.45586
8.86836
3.88543
3.93785
10.0599
9.14619
10.2604
9.1631
10.3358
4.99964
7.83353
9.33259
1.3017
10.1014
7.91287
4.40858
6.3185
6.99727
4.39316
10.1365
8.77721
10.6034
9.54663
8.74525
7.76997
12.4043
9.34364
8.27354
5.73756
7.59195
10.8904
8.67402
8.02003
12.0097
5.34973
6.1759
8.43008
8.80823
6.9372
6.68551
4.85073
5.08518
10.2531
11.2138
6.58011
7.51582
11.8193
4.27847
6.38402
8.78675
8.5403
10.8174
8.28609
8.5769
2.66677
6.38375
9.11702
11.0071
6.12908
7.45648
9.55446
8.85976
12.2605
6.67785
7.88525
6.69411
6.8219
10.8993
7.6895
5.36972
9.5225
8.58551
0
7.74002
4.80149
6.68589
8.9693
10.8703
11.1502
9.66986
12.1877
8.42493
6.70177
10.4484
5.15919
8.50924
11.2503
11.3846
9.25689
6.45917
11.8384
5.7171
9.64506
5.77485
4.40214
14.0355
6.2548
8.04344
8.64788
12.225
10.9007
9.8229
5.45897
9.38674
13.8879
5.4458
4.66117
9.14953
11.9672
6.43648
12.8965
6.53958
8.4299
6.77299
8.09497
7.29715
6.54961
8.054
7.61599
6.97009
4.73398
8.14819
8.87582
12.1718
10.8069
10.5014
13.7637
8.96743
11.4156
6.8073
7.15601
9.30704
11.683
9.84197
7.81518
9.87518
10.0819
5.90384
9.6307
2.10725
5.259
9.14538
13.2576
6.97008
8.14225
10.4416
7.10294
5.44383
7.70663
3.07434
1.52295
9.2205
5.91492
6.18806
6.63962
2.5582
2.15551
11.3281
10.1165
7.77811
4.07952
1.95946
7.9433
5.20566
5.18553
2.91929
6.49993
10.7344
2.21286
4.2541
6.09938
1.29118
7.74002
0
8.33218
4.03718
5.35994
7.2696
5.68761
2.42569
7.87966
5.59647
7.81883
8.97444
3.32896
6.67251
8.16063
7.54174
4.46238
1.96951
12.2228
7.45708
4.84542
5.03702
4.01217
9.1623
8.24244
2.49945
6.99008
7.87314
4.96389
7.90169
3.40577
3.22918
9.34758
7.97035
9.11248
8.29726
9.29853
3.96645
7.22626
8.0547
0.988809
8.81474
6.87635
3.16837
5.03851
5.95746
3.30843
8.8613
7.53491
9.42876
8.30515
8.01951
7.10781
11.1455
8.74107
7.2034
5.18776
6.44131
9.62228
7.49111
7.23657
10.7836
4.15414
5.25896
7.62325
7.89119
5.91657
5.79748
3.63482
4.27695
9.43035
10.1049
5.60818
6.63487
9.18539
3.31709
3.42588
9.67738
9.21221
8.42643
7.571
7.15318
2.5859
5.89892
8.8816
8.69652
2.13089
6.6593
7.99601
8.56675
9.68743
8.1658
7.95823
5.96328
7.84779
8.42819
8.60353
4.15089
7.45418
9.37573
4.80149
8.33218
0
6.08099
6.78951
8.05532
11.0696
10.0654
9.34268
6.18034
3.5263
6.90735
6.53725
5.84913
7.73219
8.21037
7.32875
6.50473
8.87026
2.71834
7.60779
4.17252
5.06986
11.4463
2.75392
7.79024
9.87142
9.17593
9.12532
6.09524
7.97743
9.62646
11.1192
1.86655
2.00114
5.01992
9.05183
4.86983
11.4612
5.869
9.20002
5.0504
4.5376
7.12185
6.11105
5.06245
8.18779
6.28806
4.49429
3.97923
7.7553
9.11283
7.65518
7.72601
11.1111
5.57554
10.1482
7.73589
4.43879
8.37079
9.04422
6.20469
6.55499
7.89758
6.45967
1.8923
7.32952
4.2284
4.95189
9.75938
10.1943
2.44112
9.23226
7.63925
7.55619
4.71873
6.97263
6.87224
4.01111
10.1045
7.7911
7.57793
5.09731
2.71329
5.23469
11.8969
8.12713
8.84439
3.61483
4.84833
8.86447
7.70594
7.57762
1.7594
8.53508
11.2989
3.22975
2.85537
7.1302
4.4324
6.68589
4.03718
6.08099
0
2.96579
5.00215
9.04358
6.24033
8.28727
6.00887
7.02274
8.61473
5.05554
6.79156
7.31509
6.23605
4.92827
3.52115
12.3509
6.45878
3.8399
4.78929
4.47744
10.2338
7.07946
2.18675
9.79993
7.62139
5.93775
6.76969
5.19389
6.8007
10.2087
6.52797
7.58984
5.97595
9.90763
2.86949
9.54221
8.70932
5.00374
8.82074
5.45896
5.42548
6.41116
4.98971
6.34345
9.48926
7.62351
8.06185
9.63609
8.00178
6.0306
11.268
9.57752
6.465
7.39133
8.44211
9.01518
9.29204
7.82217
10.1111
5.41465
6.28308
6.0581
4.99935
6.59783
4.70578
3.842
7.76342
9.9061
7.99445
8.54468
6.68857
5.43981
5.87562
7.01991
7.79702
5.39186
9.21437
7.92036
7.313
6.77819
3.86235
5.40914
11.3592
8.46277
9.22259
2.09716
5.05477
7.0532
9.05271
8.13079
3.02058
9.63496
10.622
5.25712
3.98485
6.17523
5.77869
8.9693
5.35994
6.78951
2.96579
0
2.13267
9.00395
6.77351
6.16482
5.20083
6.91474
7.1159
6.82552
5.95236
4.92537
3.38828
3.61267
4.75905
11.4862
6.73034
1.59762
5.26129
6.1359
8.19601
7.14465
3.347
10.799
5.09897
4.28953
4.89247
7.61512
7.21417
8.11914
6.89184
8.40769
4.22982
8.36843
3.25793
8.35053
9.3182
6.16695
9.15488
4.24589
6.02066
7.01101
3.82532
7.24154
10.0674
8.65243
7.40013
9.65718
5.66089
3.40477
10.641
7.39629
5.06749
6.32089
9.50657
9.10366
9.23118
5.86209
9.28241
5.26195
5.02415
3.73695
5.27587
5.34786
6.98199
5.09166
8.41719
7.80905
7.93117
9.54201
4.7985
5.38368
7.65223
8.21117
9.52314
7.19526
9.87183
9.31852
8.52739
8.54971
5.89494
6.95223
12.099
9.45077
10.6218
3.38078
6.64922
7.15067
10.9232
9.72751
5.12785
11.3883
11.307
7.18399
5.91377
7.06585
7.58274
10.8703
7.2696
8.05532
5.00215
2.13267
0
10.2493
8.33246
6.00864
6.27923
8.02478
7.34281
8.85731
6.87164
4.47586
2.36954
4.67524
6.75174
11.9483
8.02418
2.62997
6.90396
8.12799
7.96384
8.26463
5.25557
12.5047
4.51821
4.85776
4.96849
9.7312
8.759
7.8366
8.1413
9.7324
4.21918
8.57385
5.13986
8.87412
10.785
7.97721
10.4295
4.98931
7.74854
8.65399
4.8077
9.01276
11.4836
10.2766
8.02157
10.875
5.27694
2.94281
11.3009
7.04982
5.61619
7.07792
11.2486
10.1696
10.456
5.92965
9.76542
6.73053
5.85512
3.47881
6.364
6.12413
8.95772
7.03759
10.0341
7.52529
8.70934
11.2779
5.08071
6.51027
7.99084
8.61316
3.24196
6.78595
6.77964
4.13909
4.67645
9.85781
6.54938
4.05378
9.11439
12.062
6.64874
7.29126
4.39171
5.99518
5.15906
3.70684
7.36036
5.71494
8.54197
7.86218
7.79021
4.9345
6.34036
11.1502
5.68761
11.0696
9.04358
9.00395
10.2493
0
3.74153
6.83606
5.75316
8.66592
8.30561
6.16029
6.50898
8.58949
9.11719
5.73027
5.80307
10.2822
8.88197
7.7296
6.91025
6.95437
6.75862
9.48512
7.61019
4.81765
7.93796
5.65212
8.66255
7.53371
2.46702
7.10601
9.77159
11.0849
10.3619
7.09941
7.24195
3.57017
7.65255
5.13427
8.71449
8.44602
4.16696
5.22045
7.50832
3.59791
8.21725
8.44002
10.2249
6.17738
7.56124
8.44429
9.55663
6.97877
7.78696
3.64603
5.65955
9.8739
4.7718
6.23765
10.2745
4.71643
4.923
9.10172
11.0804
5.42121
9.57091
6.6334
2.26563
7.5676
11.9458
3.98939
6.60624
6.68365
6.98343
8.68825
1.93987
3.13894
8.8213
5.58181
5.9667
8.51753
4.36443
1.54186
11.1949
11.6139
7.9516
4.96538
1.84026
7.19648
5.32636
4.81687
4.88636
6.58546
10.5668
4.34349
6.06027
5.81735
2.67657
9.66986
2.42569
10.0654
6.24033
6.77351
8.33246
3.74153
0
7.41526
5.87317
8.76836
9.15164
4.65712
6.98497
8.43552
8.06055
4.72983
3.63451
12.1893
8.643
5.73431
6.20594
5.5816
8.11925
9.38638
4.41965
6.39669
7.75672
4.60192
8.49325
5.09567
1.58404
8.44111
9.33392
10.6155
9.46404
8.80888
5.54047
5.56777
8.5543
1.65569
9.4857
7.86181
3.43403
5.45438
6.8401
3.07343
9.30902
8.54112
10.3785
8.09296
7.77878
7.58889
11.2504
7.85325
7.7719
3.84424
6.53403
10.4594
6.95759
6.75734
11.2725
4.41806
4.96516
8.37517
9.70435
5.79312
7.82208
5.18251
2.995
8.80888
11.5281
5.05668
6.63759
0.955045
7.92996
7.12429
8.09713
8.64472
5.27102
6.21577
5.19851
9.74897
6.82226
6.14256
8.08278
9.95992
7.87164
5.42529
6.10773
1.29548
9.29401
7.14238
6.99214
9.25158
7.17574
9.33675
7.17001
3.33471
8.6423
12.1877
7.87966
9.34268
8.28727
6.16482
6.00864
6.83606
7.41526
0
3.8948
6.87826
3.93331
8.724
4.19563
2.52051
3.77944
3.59361
7.07599
8.01783
7.51163
4.95765
6.44949
8.3054
2.27517
7.66109
7.68644
9.81628
1.70644
3.44631
3.68637
10.5747
6.89244
2.01627
8.17189
10.015
5.7704
3.31667
6.19887
4.15061
8.62555
8.12523
8.46298
4.87599
6.35194
6.81199
4.40022
7.43536
9.16001
9.21949
7.0437
7.30867
0.916604
3.20225
7.74386
1.78995
3.85541
3.95044
9.09608
8.56333
6.62439
0.683862
7.22309
4.91028
2.79916
3.95069
8.59211
2.7375
10.3732
7.25949
7.73242
1.77089
9.2093
8.92722
1.79616
3.72107
4.16813
3.78302
5.8428
6.79037
4.17217
3.25672
2.28766
6.109
3.91047
4.51974
6.472
7.02375
4.60225
4.75084
4.37658
3.84136
5.9592
4.12163
4.4639
5.84202
5.71866
7.17483
3.9106
1.36669
6.73953
8.42493
5.59647
6.18034
6.00887
5.20083
6.27923
5.75316
5.87317
3.8948
0
3.6692
3.41751
5.23284
1.18683
3.92717
4.99621
2.40747
4.08602
6.95689
4.06764
4.48122
2.65419
4.60833
5.63909
4.48593
5.88432
6.94636
4.50583
4.00237
3.19583
7.38839
5.05634
5.46608
4.8638
6.6092
4.78466
4.07954
3.23457
5.30477
5.13074
6.04762
5.15178
2.75852
3.25683
3.13637
1.98498
4.56924
5.80354
5.43084
4.80071
4.63254
4.12979
4.09736
6.06452
5.45031
2.12763
4.33071
5.67971
5.55009
4.20532
3.38398
5.5644
1.63439
1.97128
3.9388
5.92856
1.26237
6.72384
3.68084
5.49893
4.90909
6.60667
6.028
2.38482
6.95359
3.19404
0.373482
8.22789
9.04638
4.91085
4.82608
4.16122
4.36859
5.53639
7.54314
5.41211
3.59947
3.87891
7.41357
7.33213
6.89344
6.7195
5.67698
6.01442
6.00886
5.01685
8.94354
4.31638
4.61831
9.05405
6.70177
7.81883
3.5263
7.02274
6.91474
8.02478
8.66592
8.76836
6.87826
3.6692
0
3.95117
6.01311
2.87817
5.88238
7.18213
5.70087
5.87138
5.7248
1.01302
6.99721
2.79852
4.78726
8.69607
0.934279
7.91123
7.82908
7.27606
7.48246
4.2238
8.21823
7.89159
8.34429
1.71473
3.29794
4.69659
5.79546
4.48848
8.74373
3.52987
8.46602
2.55106
3.1183
5.46781
3.99798
3.48424
6.58623
3.96777
3.32876
2.05446
4.59435
6.90505
6.37115
4.53915
8.5939
3.25902
7.97725
5.85787
2.20563
5.25868
6.58499
3.43541
4.49117
5.62692
5.29994
4.22316
4.78194
5.72207
4.40723
7.8449
7.3852
3.38472
7.32015
5.40139
4.47332
6.38128
4.2781
9.11711
10.0754
3.27152
5.53459
4.3434
7.95478
7.06196
7.79578
5.06761
6.81634
5.75821
7.23887
7.6719
3.98391
8.76348
6.80225
7.39957
8.1367
4.24595
10.386
6.51322
3.47976
10.0758
10.4484
8.97444
6.90735
8.61473
7.1159
7.34281
8.30561
9.15164
3.93331
3.41751
3.95117
0
8.36666
2.50506
3.31758
5.48814
5.09437
7.40952
4.68186
4.8676
6.61727
5.16798
7.48641
5.49986
4.6647
8.87958
9.30751
4.64864
6.24205
2.44439
10.6197
8.24975
4.98867
5.44236
7.1155
4.50072
2.49782
5.98141
6.80484
6.19959
9.44369
5.45836
3.37719
6.59055
5.83278
3.62615
7.79879
6.53239
6.85832
3.55852
5.38518
4.00052
4.68804
4.28772
5.50412
2.16014
6.68518
7.96878
5.12234
5.5277
3.97536
3.30589
5.02452
4.42707
3.92933
6.7137
3.42723
9.09323
6.66913
8.52818
3.79958
6.05054
8.73785
3.32925
8.21724
3.32648
5.76971
3.6516
4.65003
8.10718
4.48398
5.05892
4.41822
2.97597
4.31831
9.46142
8.07114
5.3761
6.24508
4.17071
8.5573
2.74695
3.62019
3.8803
3.80978
9.07617
4.5676
3.52979
5.91041
4.44166
5.15919
3.32896
6.53725
5.05554
6.82552
8.85731
6.16029
4.65712
8.724
5.23284
6.01311
8.36666
0
5.8786
8.74976
8.84588
5.58051
2.2599
10.5651
5.47586
6.64771
3.52043
1.47561
10.1435
6.3128
4.91203
4.99174
9.06056
6.86018
7.86765
2.44515
4.25263
10.183
5.99092
6.70256
8.24714
8.97602
3.92869
8.27161
5.34279
3.74023
6.29262
6.48587
2.59116
3.019
5.80531
2.56333
6.10373
4.59399
7.95661
6.31972
8.95332
8.1784
9.31837
9.93695
6.8362
6.77974
3.76664
7.30629
5.94235
8.08469
9.18125
3.85642
5.97808
8.10929
6.86784
6.10956
3.58361
2.15868
4.11882
9.94171
8.36542
3.88356
7.23381
4.2722
4.29158
3.05566
6.78174
7.89835
3.39967
3.44742
2.32975
6.13765
4.81875
5.67653
5.46465
6.35077
4.14183
5.78186
5.53959
4.08147
6.38754
4.54549
5.35907
5.96845
4.71516
8.20012
4.45079
1.83034
7.85095
8.50924
6.67251
5.84913
6.79156
5.95236
6.87164
6.50898
6.98497
4.19563
1.18683
2.87817
2.50506
5.8786
0
3.97435
5.46055
3.49709
5.02994
5.84257
3.51757
5.39954
2.89989
5.09457
5.90861
3.76168
6.92205
7.21761
4.91134
5.04091
2.91097
8.15291
6.05572
5.62445
4.33005
6.07002
4.61923
3.55135
3.95736
5.94858
4.61719
7.14199
4.36453
2.60174
4.13909
3.42294
2.25742
5.37661
5.19231
5.07957
3.84161
4.12022
4.41531
4.54605
4.94529
5.82733
1.70642
5.31844
5.80009
4.60399
4.01828
3.82484
4.38481
2.63899
2.95187
4.04427
5.7938
1.98647
7.00273
4.29416
6.29052
4.83949
5.89052
6.48439
2.84516
2.63175
7.13328
6.18349
9.09557
8.8368
6.01206
7.0142
5.89146
8.63934
6.46293
6.95043
8.32025
8.32391
8.10337
5.10774
6.77534
3.60155
9.85188
7.96522
6.38617
9.75573
7.46313
9.1905
6.27958
4.19711
8.96897
11.2503
8.16063
7.73219
7.31509
4.92537
4.47586
8.58949
8.43552
2.52051
3.92717
5.88238
3.31758
8.74976
3.97435
0
2.29796
3.77559
7.0372
7.96573
6.44063
4.30818
5.86045
7.9584
4.67598
6.45237
7.35353
10.7867
1.84291
4.33513
1.75516
10.5545
8.06736
4.27506
6.86489
8.70197
3.43524
4.3375
5.40875
6.48392
8.53704
8.68092
8.00872
3.25974
6.8461
7.04327
3.22966
8.18019
9.07512
8.74774
5.56102
7.88922
1.81113
1.68677
7.59503
4.07743
2.65986
5.70299
9.5915
7.71256
7.57836
2.72972
6.34291
5.2582
3.75874
1.66901
6.7215
3.39202
9.50624
6.85953
8.93116
3.46434
7.43032
9.85572
1.99527
3.31547
7.5607
7.42871
9.11417
7.83649
8.01458
8.14117
7.18524
8.87018
6.09575
6.59575
10.4058
9.24732
9.51681
3.74295
6.36888
5.00256
10.4221
8.80249
5.68326
10.6613
9.55943
8.12479
6.15627
5.47852
8.08282
11.3846
7.54174
8.21037
6.23605
3.38828
2.36954
9.11719
8.06055
3.77944
4.99621
7.18213
5.48814
8.84588
5.46055
2.29796
0
3.69636
6.79974
10.1697
7.46975
2.86753
6.4511
8.14003
5.76714
7.62565
6.16702
11.6566
2.22854
3.79789
3.37779
10.2053
8.13425
5.56791
7.77834
9.56296
3.75897
6.43025
5.21155
7.18168
9.87173
8.11564
9.47983
4.11828
7.17026
7.88139
3.89644
8.48044
10.513
9.75867
7.06028
9.49257
2.9713
0.918761
9.68129
4.88772
4.17661
5.81103
10.508
9.24387
9.03436
3.83472
8.32621
5.83335
4.38767
2.08214
6.80566
4.517
9.47877
6.98225
9.30175
5.19098
8.40369
10.5357
3.16676
2.86956
5.26405
5.80717
5.48719
5.26436
6.24276
4.8866
4.22867
7.02117
3.30778
3.20791
8.79945
8.60023
6.76637
2.52732
3.00749
3.9862
6.87215
5.28192
3.4734
7.28051
8.00396
5.81486
4.03915
2.85733
5.30855
9.25689
4.46238
7.32875
4.92827
3.61267
4.67524
5.73027
4.72983
3.59361
2.40747
5.70087
5.09437
5.58051
3.49709
3.77559
3.69636
0
3.62371
9.19457
5.86981
2.40191
3.9358
5.22661
5.37006
6.3578
4.23002
8.08687
3.55302
1.84587
3.87928
7.15365
4.53464
5.37442
6.49457
8.23766
5.03135
5.48692
2.9917
4.93296
7.27577
4.91419
7.41816
3.63582
3.55811
4.64791
2.64203
4.80763
8.01313
7.28385
6.63348
6.81207
3.61806
3.01624
8.4025
4.8349
3.4635
3.1233
7.1392
7.77305
6.08495
3.01866
7.72119
2.39542
1.46505
3.6864
6.53664
2.09402
7.26808
4.11731
5.62385
5.21924
8.11932
6.9012
2.21804
6.43203
3.5348
5.74972
3.62772
3.2729
7.78329
4.65183
4.78497
4.95807
1.00861
2.71097
9.68343
8.19974
6.16468
3.98719
2.41774
7.14099
4.44597
4.17584
1.95572
5.38301
9.11601
3.40243
2.50712
4.86268
3.21311
6.45917
1.96951
6.50473
3.52115
4.75905
6.75174
5.80307
3.63451
7.07599
4.08602
5.87138
7.40952
2.2599
5.02994
7.0372
6.79974
3.62371
0
10.5245
5.48806
4.43051
3.07813
2.34129
8.63427
6.27691
2.97861
6.38176
7.15615
4.82077
6.44004
3.55177
3.61966
8.69166
6.01693
7.21009
6.81868
8.04877
2.32645
7.0885
6.33098
2.73072
6.94603
5.21906
2.01604
3.4381
4.37192
2.82844
7.1486
5.73654
7.5268
6.82533
7.19197
6.2138
9.39649
8.26173
5.61152
5.21612
5.29197
7.68
6.24001
6.44636
8.93434
2.73506
4.37984
6.38352
6.22027
4.7348
4.45529
1.70242
4.31186
8.51923
8.19532
5.07952
5.57414
8.69384
8.65338
5.89317
11.4923
13.5803
3.60471
6.97527
6.25907
9.91441
10.4429
11.1394
1.75638
7.79402
5.70027
11.5445
11.0908
7.48205
9.92475
8.26195
11.0531
8.62842
1.81835
13.8648
9.71795
6.70356
13.4593
11.8384
12.2228
8.87026
12.3509
11.4862
11.9483
10.2822
12.1893
8.01783
6.95689
5.7248
4.68186
10.5651
5.84257
7.96573
10.1697
9.19457
10.5245
0
6.64948
11.0506
7.88288
9.78691
8.69274
6.20588
12.73
9.67388
9.13764
10.3946
6.99443
13.0008
10.883
8.21442
7.14893
7.97906
8.54021
4.90621
9.55278
9.49658
6.03029
12.5643
5.15646
7.3749
9.22738
7.64611
7.69868
10.0039
5.74861
7.36118
5.33696
5.01599
8.35659
9.36355
1.3562
9.14378
6.44215
10.1186
8.49612
4.85234
5.9487
8.0394
2.9374
8.12618
8.24717
8.51319
9.57557
7.23821
11.1785
9.44308
10.4801
7.17341
7.42179
9.78214
7.73551
7.47713
2.40569
0.783597
8.066
8.64829
5.7913
5.09422
4.60387
3.36687
5.12862
7.46205
6.24216
3.18093
4.13569
7.32618
7.22371
7.57828
6.43917
5.72759
5.58261
5.84947
5.90615
8.41769
3.74209
5.15363
8.67609
5.7171
7.45708
2.71834
6.45878
6.73034
8.02418
8.88197
8.643
7.51163
4.06764
1.01302
4.8676
5.47586
3.51757
6.44063
7.46975
5.86981
5.48806
6.64948
0
6.97243
2.46545
4.14699
9.39604
0.839452
7.51402
7.78275
7.78737
7.70346
4.78413
7.5536
7.86451
9.08035
0.943881
2.56243
4.87492
6.69433
4.13792
9.24253
3.57827
8.1589
2.77639
3.38798
5.34952
3.93015
3.69821
6.42881
4.07947
2.84691
2.68785
5.09288
7.50211
6.69921
5.42088
9.23484
3.84978
8.27777
5.71023
2.56214
5.72192
7.17051
4.34671
4.59376
5.99722
5.64705
3.62542
5.27079
4.77323
3.89449
7.81945
8.17807
3.19791
7.2272
5.91573
4.12807
6.15133
7.11493
6.90985
4.9991
8.42394
7.1327
6.51665
7.4395
3.74882
4.32545
10.8473
9.15291
8.79599
0.946022
4.02574
5.78462
8.55776
7.36796
3.19625
9.16337
10.0577
5.27
4.36187
5.18285
5.28527
9.64506
4.84542
7.60779
3.8399
1.59762
2.62997
7.7296
5.73431
4.95765
4.48122
6.99721
6.61727
6.64771
5.39954
4.30818
2.86753
2.40191
4.43051
11.0506
6.97243
0
5.2089
6.18322
6.82505
7.4219
3.31885
10.0865
4.02088
2.70761
4.6356
7.61877
6.13408
6.82486
7.33384
8.99073
4.76981
7.43089
3.37967
6.84179
9.09774
5.48123
9.07985
4.3183
5.3076
6.5334
3.62152
6.49038
9.85576
8.718
7.61829
9.02914
4.56624
2.75273
10.2692
6.02772
4.72628
4.8007
9.03211
9.19613
8.4113
4.59908
9.16994
4.47751
3.78416
3.62712
6.30876
4.32104
7.58427
5.06805
7.44057
6.69052
8.60298
8.81138
3.76996
6.1566
1.51818
2.67554
5.7811
6.28245
5.8208
3.78726
3.45815
3.50057
2.82187
5.02942
7.21456
5.43732
4.17497
5.33358
4.78383
6.49375
4.91999
4.10483
3.49197
4.88615
6.70257
6.21522
1.99459
3.83844
6.27503
5.77485
5.03702
4.17252
4.78929
5.26129
6.90396
6.91025
6.20594
6.44949
2.65419
2.79852
5.16798
3.52043
2.89989
5.86045
6.4511
3.9358
3.07813
7.88288
2.46545
5.2089
0
2.36796
8.27955
3.23233
5.34257
6.54839
6.71139
5.74153
4.62065
5.66464
5.55309
8.1144
3.13478
4.59057
5.05812
6.42339
2.1489
7.55223
4.09827
5.71738
4.19475
3.14776
3.04159
2.34114
2.71315
4.2558
4.87106
3.51074
4.55658
5.00238
6.52285
5.67007
6.69408
8.03489
3.5578
6.2436
4.74314
4.6747
5.00021
5.946
6.00564
2.45007
4.25673
5.13755
4.33081
3.87289
4.12573
1.66895
5.73706
7.50639
5.38448
5.6395
4.75486
7.85698
1.8743
4.54191
4.83387
5.25696
7.63216
4.51526
4.79947
3.08342
2.57183
4.86231
8.84476
6.64478
4.976
5.97069
4.63262
8.26538
3.67901
4.06367
3.39016
4.22366
8.45484
4.98431
2.37339
5.55019
5.18477
4.40214
4.01217
5.06986
4.47744
6.1359
8.12799
6.95437
5.5816
8.3054
4.60833
4.78726
7.48641
1.47561
5.09457
7.9584
8.14003
5.22661
2.34129
9.78691
4.14699
6.18322
2.36796
0
9.95968
4.98498
4.8979
5.81915
8.53322
6.77497
6.87959
3.43132
5.14767
9.90911
4.58289
5.34788
7.04225
8.46335
3.01861
8.55007
4.74414
4.66171
5.3812
5.35434
2.92042
2.76583
4.82593
3.50109
5.52211
3.71028
6.6689
6.04774
8.43315
7.45863
8.51683
9.70902
5.87059
7.03915
4.14232
6.18408
5.91676
7.71755
8.10544
3.58085
5.7222
7.15581
5.43614
5.66673
2.64503
1.16286
5.14797
9.49561
6.92193
4.82715
6.66893
2.77087
9.79518
8.92313
8.79455
9.90986
5.842
7.09759
6.24875
11.7112
8.57208
7.15386
8.70014
11.9553
8.93475
7.11876
7.23588
1.83178
10.2506
7.98239
8.84226
10.1849
7.81912
10.8058
9.1449
4.64745
9.82142
14.0355
9.1623
11.4463
10.2338
8.19601
7.96384
6.75862
8.11925
2.27517
5.63909
8.69607
5.49986
10.1435
5.90861
4.67598
5.76714
5.37006
8.63427
8.69274
9.39604
6.82505
8.27955
9.95968
0
9.5463
9.31438
10.329
3.55155
4.69689
5.86336
11.9668
7.51113
0.653952
10.135
11.9342
8.01489
3.83399
8.17565
3.35227
9.87909
9.18509
9.88247
7.07009
7.5969
8.12677
6.55573
8.39395
10.3411
10.7617
8.917
8.06746
2.9606
5.34767
8.65302
1.00907
5.93935
4.29275
10.0423
10.138
7.19452
2.54099
8.61621
6.39413
4.30886
6.19966
10.8138
4.40795
12.2396
8.99719
8.24344
1.93716
11.2365
9.57122
3.96135
7.71288
3.22085
0.908191
8.83595
9.4137
5.77466
5.63125
5.04583
3.95179
5.87618
8.16777
5.97969
2.6753
4.47938
7.85468
7.93149
7.75365
7.1799
6.37946
6.27144
6.48068
5.67674
9.18186
4.45319
5.51137
9.45458
6.2548
8.24244
2.75392
7.07946
7.14465
8.26463
9.48512
9.38638
7.66109
4.48593
0.934279
4.6647
6.3128
3.76168
6.45237
7.62565
6.3578
6.27691
6.20588
0.839452
7.4219
3.23233
4.98498
9.5463
0
8.1996
8.40341
7.92948
8.16776
4.73241
8.38585
8.5824
9.1811
0.955175
2.46081
4.76962
6.65269
4.79246
9.64154
3.90217
8.94716
2.78263
3.50914
6.09565
4.63302
4.01206
7.1922
4.27046
3.3401
1.98668
5.33366
7.61735
6.86961
5.02865
9.40439
3.91194
8.7852
6.34063
2.10279
6.08452
7.38587
3.72651
5.22333
6.42442
5.68991
3.70575
5.61628
5.465
4.71014
8.53399
8.19167
2.56614
7.91736
6.14069
6.83314
5.69166
7.87001
5.48265
2.12499
9.98091
7.36466
7.26447
6.58441
2.5928
3.58011
12.1432
9.72933
9.00492
2.59728
3.23298
8.15002
7.27377
6.99343
1.93646
8.34374
11.4817
1.97231
3.86018
6.68101
2.58056
8.04344
2.49945
7.79024
2.18675
3.347
5.25557
7.61019
4.41965
7.68644
5.88432
7.91123
8.87958
4.91203
6.92205
7.35353
6.16702
4.23002
2.97861
12.73
7.51402
3.31885
5.34257
4.8979
9.31438
8.1996
0
9.17854
7.14614
4.69662
7.20272
4.90262
5.30987
9.42353
7.82447
9.06602
7.03377
9.64174
3.4341
8.18823
9.14009
3.30847
9.51664
6.20069
4.72553
6.31995
5.42837
5.42611
9.95607
8.38201
9.12409
9.57692
7.53656
5.9681
11.7045
8.66659
6.84455
5.9229
8.25855
9.95853
8.92165
7.15489
10.8539
4.95961
5.53172
6.49299
6.82978
6.16042
5.98136
4.19341
6.53716
9.39575
9.55346
7.81485
6.34168
9.64047
6.87681
7.59892
4.54073
8.39909
7.21066
3.84335
5.04793
8.23622
7.23285
6.64633
8.05897
10.5637
4.49106
9.7373
6.79304
8.9991
2.28559
2.86155
8.27922
2.09818
7.91723
8.89033
7.78994
6.68356
7.95166
8.64788
6.99008
9.87142
9.79993
10.799
12.5047
4.81765
6.39669
9.81628
6.94636
7.82908
9.30751
4.99174
7.21761
10.7867
11.6566
8.08687
6.38176
9.67388
7.78275
10.0865
6.54839
5.81915
10.329
8.40341
9.17854
0
10.9122
8.9904
10.0508
6.50874
5.05412
10.4369
8.57248
9.14406
11.3411
8.82132
7.87973
7.80236
5.0971
6.72263
6.63979
9.22356
4.80629
4.26712
8.55843
3.82295
5.43945
5.85946
9.76014
4.68751
10.4418
10.8294
8.63845
10.6014
8.84466
7.65734
2.18653
8.16116
4.10846
9.21422
9.72946
5.86141
7.50514
10.8425
10.6715
7.45988
7.87864
6.28673
3.50848
10.3668
10.893
1.39634
8.96244
1.4642
8.08082
7.53656
8.7023
8.39917
6.6741
7.31261
6.3025
9.71807
6.70562
6.38361
9.33484
9.96337
8.90467
4.65348
6.27196
2.9896
10.0849
8.12464
6.6139
10.1892
8.43855
8.97235
6.99051
4.41412
8.50636
12.225
7.87314
9.17593
7.62139
5.09897
4.51821
7.93796
7.75672
1.70644
4.50583
7.27606
4.64864
9.06056
4.91134
1.84291
2.22854
3.55302
7.15615
9.13764
7.78737
4.02088
6.71139
8.53322
3.55155
7.92948
7.14614
10.9122
0
3.26607
3.45996
10.6926
7.54526
3.34429
8.30511
10.1644
5.00791
4.76909
5.97696
5.41815
9.50359
8.24072
9.22721
4.66856
6.90924
7.55459
4.28169
8.10556
10.0899
9.80602
7.2551
8.55335
0.899761
1.93118
8.81321
2.70202
4.0384
4.63315
10.0331
9.15982
7.94517
1.9718
7.886
5.47599
3.45676
3.0568
8.11008
3.56179
10.3351
7.40288
8.59958
3.11042
9.13571
9.89943
2.13414
2.51512
7.04324
7.60414
5.84654
5.42419
7.23942
6.05133
5.47852
8.76826
4.64771
3.32104
10.0359
10.4053
8.24222
2.60825
3.25132
3.89545
7.98596
6.34419
4.67092
8.546
9.19637
6.25243
5.69382
3.9382
5.45586
10.9007
4.96389
9.12532
5.93775
4.28953
4.85776
5.65212
4.60192
3.44631
4.00237
7.48246
6.24205
6.86018
5.04091
4.33513
3.79789
1.84587
4.82077
10.3946
7.70346
2.70761
5.74153
6.77497
4.69689
8.16776
4.69662
8.9904
3.26607
0
5.0848
8.12497
4.71459
4.88479
8.33173
10.0827
6.31441
6.09372
4.63832
4.21858
8.88715
5.16706
9.11656
5.26191
4.71658
6.13651
4.34954
5.66771
9.60943
9.02323
8.28895
8.08584
3.51152
3.42168
9.74773
4.02589
4.94461
2.23332
8.41616
9.50977
7.14476
2.94471
9.18886
3.87737
2.26185
4.6484
8.19997
3.2178
8.86085
5.71943
6.06243
5.15414
9.87031
7.77395
2.9565
3.79814
5.76987
4.54013
8.84286
8.74362
5.38615
6.28894
5.16382
7.18122
5.82445
6.98407
7.30392
6.58438
6.91144
5.41099
6.76755
4.40001
9.0016
7.27909
5.84239
8.75686
6.51908
8.91799
5.2354
3.87563
8.86836
9.8229
7.90169
6.09524
6.76969
4.89247
4.96849
8.66255
8.49325
3.68637
3.19583
4.2238
2.44439
7.86765
2.91097
1.75516
3.37779
3.87928
6.44004
6.99443
4.78413
4.6356
4.62065
6.87959
5.86336
4.73241
7.20272
10.0508
3.45996
5.0848
0
9.80593
7.98437
5.43846
5.16091
6.98126
2.36379
4.33481
4.56815
7.16701
7.1679
8.52395
6.48416
1.74904
6.27481
6.05628
2.12344
7.66614
7.68455
7.25195
3.85253
6.90662
3.27368
2.63024
6.43539
5.43874
1.24758
6.30881
8.59061
6.06793
6.85692
3.68163
4.9554
4.67731
3.93193
1.52202
5.2751
3.24932
8.22684
5.86636
8.6396
4.44809
5.71256
9.19512
2.46565
9.93138
5.19302
7.97139
4.40208
4.0602
10.5137
6.8007
7.41713
5.57659
4.15814
5.23504
11.8928
9.74914
7.74339
7.02186
5.09241
10.5149
4.36712
5.76469
4.65484
5.74659
11.5203
3.62518
4.93643
8.07936
3.88543
5.45897
3.40577
7.97743
5.19389
7.61512
9.7312
7.53371
5.09567
10.5747
7.38839
8.21823
10.6197
2.44515
8.15291
10.5545
10.2053
7.15365
3.55177
13.0008
7.5536
7.61877
5.66464
3.43132
11.9668
8.38585
4.90262
6.50874
10.6926
8.12497
9.80593
0
5.34018
12.0755
7.89228
8.35949
9.85614
11.2453
5.39624
9.89691
7.62092
3.69667
8.56935
8.37333
4.59301
5.45413
7.687
4.22641
8.33656
6.64531
10.074
8.70447
10.7343
9.68776
11.7433
11.6617
8.90709
8.17231
5.7557
9.51673
8.26074
9.92618
11.5091
5.94693
7.81426
9.76617
8.13542
8.14614
4.12254
4.05879
5.4023
11.9575
10.1217
5.4464
9.10762
6.31344
6.44824
7.80351
1.31085
4.38308
7.50103
4.15489
4.66404
8.16036
4.44234
1.93836
9.79512
10.9623
6.60391
5.5397
2.2523
6.44918
4.26888
3.38518
5.21138
5.32556
9.20056
5.4066
5.91745
4.81177
3.93785
9.38674
3.22918
9.62646
6.8007
7.21417
8.759
2.46702
1.58404
6.89244
5.05634
7.89159
8.24975
4.25263
6.05572
8.06736
8.13425
4.53464
3.61966
10.883
7.86451
6.13408
5.55309
5.14767
7.51113
8.5824
5.30987
5.05412
7.54526
4.71459
7.98437
5.34018
0
7.79343
8.64625
9.9233
9.21791
7.74352
5.43163
4.7944
7.32064
2.70047
8.33111
7.39393
2.54615
4.33143
6.39458
1.99083
8.03508
7.56218
9.57032
6.63489
7.38675
7.5191
9.95418
7.41186
7.11732
3.49904
5.26573
9.4057
5.44735
6.21735
10.2036
3.58755
4.36376
8.14948
9.48953
5.02407
7.64765
4.80541
1.59966
8.08348
10.8996
3.75109
6.13609
2.70358
9.62339
8.58895
9.0571
10.1304
5.52088
7.073
6.14741
11.5131
8.57875
7.39731
8.32069
11.5454
8.756
7.19497
7.45226
1.66111
10.3253
8.03974
8.83937
10.1816
7.43332
10.9655
9.02756
4.5268
10.0599
13.8879
9.34758
11.1192
10.2087
8.11914
7.8366
7.10601
8.44111
2.01627
5.46608
8.34429
4.98867
10.183
5.62445
4.27506
5.56791
5.37442
8.69166
8.21442
9.08035
6.82486
8.1144
9.90911
0.653952
9.1811
9.42353
10.4369
3.34429
4.88479
5.43846
12.0755
7.79343
0
9.79753
11.5959
7.62067
3.38286
8.07745
3.82269
9.6661
9.42997
9.57444
6.73384
7.67085
8.06367
6.29931
8.54083
10.1066
10.5496
8.44891
7.89516
2.66374
5.12302
8.21194
1.19578
5.56784
4.6574
10.0339
9.74924
7.12181
2.40411
8.10246
6.37343
4.31754
5.85287
10.4963
4.27354
12.1265
8.93799
8.48746
1.30867
10.7964
9.70273
3.73795
8.12637
2.73094
1.58091
8.80181
9.07426
6.61766
6.02222
5.54307
3.09669
5.56502
8.13997
6.87301
2.32134
4.95868
7.72572
7.87586
8.33506
7.13808
6.59855
5.89228
6.58334
6.58901
8.71793
3.99714
6.00843
9.14619
5.4458
7.97035
1.86655
6.52797
6.89184
8.1413
9.77159
9.33392
8.17189
4.8638
1.71473
5.44236
5.99092
4.33005
6.86489
7.77834
6.49457
6.01693
7.14893
0.943881
7.33384
3.13478
4.58289
10.135
0.955175
7.82447
8.57248
8.30511
8.33173
5.16091
7.89228
8.64625
9.79753
0
1.8614
4.83233
7.44487
4.51413
10.106
4.26415
8.73133
3.33248
3.7171
6.11318
4.77835
4.1853
7.19121
4.68559
3.27537
2.70407
5.96363
8.07981
7.07212
5.95619
9.92646
4.39126
9.06167
6.45385
2.79583
6.64967
7.86361
4.64917
5.39636
6.75167
5.90761
3.02897
6.0456
4.68546
4.39059
8.64015
8.85299
2.43293
8.02425
6.55023
9.97483
3.68063
3.08172
9.88062
10.1964
7.96682
7.22867
6.95771
3.06721
6.84118
9.55642
7.63573
1.7462
5.67421
9.32192
9.295
10.1241
7.71327
7.64174
7.17415
7.05713
7.55683
9.68514
5.23832
7.70108
10.2604
4.66117
9.11248
2.00114
7.58984
8.40769
9.7324
11.0849
10.6155
10.015
6.6092
3.29794
7.1155
6.70256
6.07002
8.70197
9.56296
8.23766
7.21009
7.97906
2.56243
8.99073
4.59057
5.34788
11.9342
2.46081
9.06602
9.14406
10.1644
10.0827
6.98126
8.35949
9.9233
11.5959
1.8614
0
6.43199
9.07476
5.98237
11.76
4.66555
9.86997
3.7513
5.55168
7.38501
5.89457
6.01876
8.263
4.88805
3.32521
4.01075
6.86729
9.93787
8.89008
6.76549
11.7607
6.24059
10.7339
6.95878
3.17897
7.74847
9.69892
5.64089
6.94934
8.51004
7.69528
3.85506
7.82354
4.67124
5.51687
9.73497
10.637
2.6776
8.77355
8.40175
5.66564
5.70061
4.96789
9.88993
8.91383
7.45369
7.83694
6.85766
6.51504
5.96256
7.93832
8.92433
5.74511
8.14921
5.61636
7.63483
6.6413
9.9169
8.62324
5.6584
9.79348
8.25624
8.75461
4.94938
5.83374
9.1631
9.14953
8.29726
5.01992
5.97595
4.22982
4.21918
10.3619
9.46404
5.7704
4.78466
4.69659
4.50072
8.24714
4.61923
3.43524
3.75897
5.03135
6.81868
8.54021
4.87492
4.76981
5.05812
7.04225
8.01489
4.76962
7.03377
11.3411
5.00791
6.31441
2.36379
9.85614
9.21791
7.62067
4.83233
6.43199
0
6.6641
4.54346
9.20574
8.08083
9.10076
7.23831
2.13576
7.28564
7.10164
2.92157
8.71185
8.61194
7.63499
4.03035
8.49752
5.16947
3.41732
7.87523
7.44208
3.03465
7.95403
9.63683
6.54885
8.60867
5.7452
5.96089
5.918
5.65417
1.96073
3.67985
5.16802
7.65146
6.09069
9.95395
6.68997
4.80731
10.4174
4.42673
4.07973
7.81658
6.0405
8.76523
10.441
2.35881
5.24265
4.16642
9.64386
7.95625
7.6723
4.9904
9.04486
6.06746
7.87779
7.67198
2.6212
8.8036
6.53732
8.44124
8.18985
4.09195
11.0404
7.90138
3.22899
10.3358
11.9672
9.29853
9.05183
9.90763
8.36843
8.57385
7.09941
8.80888
3.31667
4.07954
5.79546
2.49782
8.97602
3.55135
4.3375
6.43025
5.48692
8.04877
4.90621
6.69433
7.43089
6.42339
8.46335
3.83399
6.65269
9.64174
8.82132
4.76909
6.09372
4.33481
11.2453
7.74352
3.38286
7.44487
9.07476
6.6641
0
7.2286
5.1137
6.90822
9.52246
6.61104
5.34765
6.75612
6.25173
5.17299
7.69319
7.19973
8.01188
5.87938
5.15371
3.88548
5.65606
4.83092
4.25849
3.98055
5.79436
8.03246
6.73076
4.86254
3.38607
4.98983
5.35171
4.27325
5.53751
8.92395
3.49207
10.5307
7.68074
7.93144
2.46195
8.3993
8.35478
3.67985
5.6454
2.79533
4.46557
5.76123
4.84713
7.24979
5.21171
4.82693
4.19525
1.45526
4.20592
9.06093
6.56544
6.22607
3.4468
3.85437
6.57103
6.05122
5.32345
1.56447
6.4933
8.44353
4.69899
1.07894
4.457
4.99964
6.43648
3.96645
4.86983
2.86949
3.25793
5.13986
7.24195
5.54047
6.19887
3.23457
4.48848
5.98141
3.92869
3.95736
5.40875
5.21155
2.9917
2.32645
9.55278
4.13792
3.37967
2.1489
3.01861
8.17565
4.79246
3.4341
7.87973
5.97696
4.63832
4.56815
5.39624
5.43163
8.07745
4.51413
5.98237
4.54346
7.2286
0
7.56282
6.23403
4.82739
6.30072
3.15392
3.40087
3.94432
2.49008
4.69121
7.01565
5.5122
5.74263
6.8955
6.07655
4.61814
8.47816
7.69297
3.91924
5.75229
6.36594
6.5782
6.60771
5.69483
7.50284
2.85179
4.01571
4.40947
4.19445
4.04963
4.42648
1.9143
6.15834
7.62705
6.34463
6.72317
4.45505
4.01765
8.985
8.84347
6.04848
8.08808
5.97816
5.4238
5.10869
10.9855
7.40576
5.08601
8.8635
12.2629
7.82772
6.71064
5.3215
3.25153
7.9412
5.8507
7.92852
8.15537
8.08205
9.1832
8.43548
4.13714
7.83353
12.8965
7.22626
11.4612
9.54221
8.35053
8.87412
3.57017
5.56777
4.15061
5.30477
8.74373
6.80484
8.27161
5.94858
6.48392
7.18168
4.93296
7.0885
9.49658
9.24253
6.84179
7.55223
8.55007
3.35227
9.64154
8.18823
7.80236
5.41815
4.21858
7.16701
9.89691
4.7944
3.82269
10.106
11.76
9.20574
5.1137
7.56282
0
8.89375
6.95119
9.4295
7.67349
5.72289
6.64462
6.83793
6.0293
9.42792
9.80002
9.68991
7.02081
4.96809
6.61732
9.12136
3.67055
6.70516
2.3044
8.04473
10.1667
5.74068
3.76193
9.54036
5.1778
3.77095
7.52789
11.0864
4.28217
11.1122
7.79883
5.40176
4.63817
11.817
7.00726
4.80939
8.69365
4.17644
3.2601
7.29869
9.52058
4.99003
3.6305
3.84454
5.32179
6.55383
7.82789
4.76001
5.86118
1.22227
9.20264
7.74522
8.13657
4.60272
4.11238
7.42301
3.27159
4.73902
9.564
5.89992
5.49252
9.33259
6.53958
8.0547
5.869
8.70932
9.3182
10.785
7.65255
8.5543
8.62555
5.13074
3.52987
6.19959
5.34279
4.61719
8.53704
9.87173
7.27577
6.33098
6.03029
3.57827
9.09774
4.09827
4.74414
9.87909
3.90217
9.14009
5.0971
9.50359
8.88715
7.1679
7.62092
7.32064
9.6661
4.26415
4.66555
8.08083
6.90822
6.23403
8.89375
0
8.41084
1.57931
6.18244
5.22983
3.15403
6.07152
5.62931
0.818771
1.84835
5.27305
2.59896
8.98446
8.98581
4.70854
10.0413
5.97115
8.52755
3.15786
3.1237
3.61242
8.19197
5.2914
5.1055
6.83633
8.29019
7.09729
6.16175
6.05761
5.02652
6.56337
8.96678
6.2201
5.1256
7.38997
7.35309
6.19348
8.35045
2.44642
1.80063
9.42198
5.99943
6.38627
7.45545
3.44671
2.03346
11.5917
10.9238
8.03297
4.67044
2.01818
8.07625
5.1478
5.15314
3.87466
6.53611
11.0019
2.80875
5.15042
6.35285
1.3017
8.4299
0.988809
9.20002
5.00374
6.16695
7.97721
5.13427
1.65569
8.12523
6.04762
8.46602
9.44369
3.74023
7.14199
8.68092
8.11564
4.91419
2.73072
12.5643
8.1589
5.48123
5.71738
4.66171
9.18509
8.94716
3.30847
6.72263
8.24072
5.16706
8.52395
3.69667
2.70047
9.42997
8.73133
9.86997
9.10076
9.52246
4.82739
6.95119
8.41084
0
9.29092
7.60573
3.39431
5.35571
6.64571
3.17842
9.19942
8.04316
10.123
8.45719
8.34996
7.67755
11.5154
8.82141
7.79939
5.02235
6.49136
10.1996
7.52336
7.46846
11.3223
4.53294
5.52046
8.29698
8.82349
6.24837
6.56819
4.37382
3.78362
9.6287
10.9219
5.3442
7.03947
8.62163
4.26053
2.33412
8.44909
10.2151
4.84351
4.57689
4.37986
5.22036
6.94624
8.55647
4.25602
4.62141
2.34384
9.3398
8.42687
8.11679
6.03086
5.32167
7.6723
4.81306
4.24477
10.1741
5.9707
5.66661
10.1014
6.77299
8.81474
5.0504
8.82074
9.15488
10.4295
8.71449
9.4857
8.46298
5.15178
2.55106
5.45836
6.29262
4.36453
8.00872
9.47983
7.41816
6.94603
5.15646
2.77639
9.07985
4.19475
5.3812
9.88247
2.78263
9.51664
6.63979
9.22721
9.11656
6.48416
8.56935
8.33111
9.57444
3.33248
3.7513
7.23831
6.61104
6.30072
9.4295
1.57931
9.29092
0
5.56204
6.06633
4.05441
5.71296
6.7438
1.59931
2.24141
3.94379
3.31661
8.71048
8.6141
3.80374
10.0038
5.40141
9.04846
4.6906
1.55158
4.48375
8.12303
3.9584
5.56352
7.0357
7.69299
6.33525
6.20902
6.34527
5.47527
7.7827
8.69809
4.8995
6.58037
7.20399
4.75109
4.11875
3.36295
8.04231
7.77388
5.75386
5.7066
4.75645
5.44894
4.53357
6.37357
7.40699
5.3807
6.13519
4.97247
6.10293
5.42349
7.89113
6.508
4.57679
7.72156
6.72042
7.76167
3.628
3.93081
7.91287
8.09497
6.87635
4.5376
5.45896
4.24589
4.98931
8.44602
7.86181
4.87599
2.75852
3.1183
3.37719
6.48587
2.60174
3.25974
4.11828
3.63582
5.21906
7.3749
3.38798
4.3183
3.14776
5.35434
7.07009
3.50914
6.20069
9.22356
4.66856
5.26191
1.74904
8.37333
7.39393
6.73384
3.7171
5.55168
2.13576
5.34765
3.15392
7.67349
6.18244
7.60573
5.56204
0
5.3341
5.00859
1.03808
6.74891
6.77613
5.91151
3.30362
6.482
4.57979
3.37662
6.52857
6.64941
1.36784
6.48651
7.56191
5.22842
6.52726
4.65127
5.03764
3.92175
4.0368
2.26837
3.77379
3.42018
6.50003
4.39065
7.97119
5.85908
4.67947
8.32802
3.2258
5.87304
3.94838
5.35101
2.81535
4.6603
6.23127
2.76738
3.10394
5.77136
2.72064
2.62921
8.21785
8.42455
4.74249
4.97464
2.56578
6.06938
3.33859
2.2822
3.72151
4.03327
7.65501
5.15919
3.71163
3.58237
4.40858
7.29715
3.16837
7.12185
5.42548
6.02066
7.74854
4.16696
3.43403
6.35194
3.25683
5.46781
6.59055
2.59116
4.13909
6.8461
7.17026
3.55811
2.01604
9.22738
5.34952
5.3076
3.04159
2.92042
7.5969
6.09565
4.72553
4.80629
6.90924
4.71658
6.27481
4.59301
2.54615
7.67085
6.11318
7.38501
7.28564
6.75612
3.40087
5.72289
5.22983
3.39431
6.06633
5.3341
0
2.07814
4.4384
1.43048
6.01564
5.22163
7.24688
5.14606
6.70681
6.43003
8.1472
7.44248
5.24884
4.33382
3.9227
7.0435
4.35905
5.68889
8.1245
1.64404
3.58012
6.61306
7.14082
3.82032
5.54337
2.46648
2.81433
7.53886
8.40469
3.53548
5.0709
6.58906
3.11198
3.81448
4.43734
6.53134
5.11731
1.80034
2.21019
4.97707
3.85405
4.6784
6.53153
7.02855
2.75223
6.44234
4.59972
6.414
3.0049
1.85287
4.84623
2.80658
6.09444
6.78003
3.9213
3.56283
6.3185
6.54961
5.03851
6.11105
6.41116
7.01101
8.65399
5.22045
5.45438
6.81199
3.13637
3.99798
5.83278
3.019
3.42294
7.04327
7.88139
4.64791
3.4381
7.64611
3.93015
6.5334
2.34114
2.76583
8.12677
4.63302
6.31995
4.26712
7.55459
6.13651
6.05628
5.45413
4.33143
8.06367
4.77835
5.89457
7.10164
6.25173
3.94432
6.64462
3.15403
5.35571
4.05441
5.00859
2.07814
0
4.39988
2.73341
3.94327
3.36271
5.95193
3.46062
7.1851
7.03543
6.45466
8.11785
4.84587
5.76717
2.6515
5.18245
3.16027
6.22872
6.60123
2.27878
4.38444
6.79311
6.60788
4.09478
5.17148
2.66699
3.94972
7.655
7.12483
3.44073
5.46562
4.1354
3.91712
3.66651
7.08265
6.8866
5.59684
5.0579
4.15745
5.48804
3.74478
5.34604
7.54518
6.10385
5.89106
4.17339
5.08267
4.8841
7.2146
5.7721
3.8684
7.18877
6.82239
6.98585
3.18494
3.21635
6.99727
8.054
5.95746
5.06245
4.98971
3.82532
4.8077
7.50832
6.8401
4.40022
1.98498
3.48424
3.62615
5.80531
2.25742
3.22966
3.89644
2.64203
4.37192
7.69868
3.69821
3.62152
2.71315
4.82593
6.55573
4.01206
5.42837
8.55843
4.28169
4.34954
2.12344
7.687
6.39458
6.29931
4.1853
6.01876
2.92157
5.17299
2.49008
6.83793
6.07152
6.64571
5.71296
1.03808
4.4384
4.39988
0
5.86541
6.73572
5.866
4.11448
6.19388
4.20236
3.08471
6.82054
6.12177
1.48102
5.52225
7.03072
5.65595
6.03294
4.05699
5.62637
3.00067
3.11855
2.45098
4.33706
2.63775
6.30589
3.77029
7.04927
5.58224
5.5231
7.57969
2.62852
6.96189
4.89677
6.42589
1.71201
4.78429
6.95992
3.10634
3.8646
6.53947
3.75688
2.96369
8.80932
9.46777
5.09296
6.02528
3.04288
6.99969
2.45639
2.01942
4.74608
3.54644
8.32479
5.38656
4.86187
4.64899
4.39316
7.61599
3.30843
8.18779
6.34345
7.24154
9.01276
3.59791
3.07343
7.43536
4.56924
6.58623
7.79879
2.56333
5.37661
8.18019
8.48044
4.80763
2.82844
10.0039
6.42881
6.49038
4.2558
3.50109
8.39395
7.1922
5.42611
3.82295
8.10556
5.66771
7.66614
4.22641
1.99083
8.54083
7.19121
8.263
8.71185
7.69319
4.69121
6.0293
5.62931
3.17842
6.7438
6.74891
1.43048
2.73341
5.86541
0
6.36038
5.71515
8.46372
5.4664
7.87882
7.76363
8.92053
8.32858
6.61746
4.85178
3.48429
7.91242
4.56143
6.76038
9.17691
2.99383
4.70642
8.02406
8.36109
5.02033
6.04004
3.46419
1.65944
8.53969
9.56055
2.44223
6.32873
9.29078
4.89945
3.71821
8.00537
10.3311
5.14283
4.2367
4.43907
5.89026
7.36819
8.60823
4.42785
6.0242
1.6237
9.98553
8.53567
8.62905
5.19003
4.75323
8.22781
3.7362
4.55941
10.3707
6.66925
6.09243
10.1365
6.97009
8.8613
6.28806
9.48926
10.0674
11.4836
8.21725
9.30902
9.16001
5.80354
3.96777
6.53239
6.10373
5.19231
9.07512
10.513
8.01313
7.1486
5.74861
4.07947
9.85576
4.87106
5.52211
10.3411
4.27046
9.95607
5.43945
10.0899
9.60943
7.68455
8.33656
8.03508
10.1066
4.68559
4.88805
8.61194
7.19973
7.01565
9.42792
0.818771
9.19942
1.59931
6.77613
6.01564
3.94327
6.73572
6.36038
0
2.3315
5.51225
2.7409
9.53326
9.62246
4.45385
10.5557
6.51768
9.19973
3.64342
3.08121
3.9479
8.75851
5.25676
5.86885
7.5116
8.87509
7.62164
6.79242
6.68108
5.83387
7.20363
9.37267
6.42549
5.64827
7.99621
9.14784
2.93624
2.96235
7.37831
8.8939
6.41072
4.59263
4.78242
3.60673
5.83786
7.77446
6.33559
4.83763
2.89104
8.80367
7.61778
8.95265
4.66705
4.76929
6.60329
3.77547
6.26951
8.68996
4.89835
6.17416
8.77721
4.73398
7.53491
4.49429
7.62351
8.65243
10.2766
8.44002
8.54112
9.21949
5.43084
3.32876
6.85832
4.59399
5.07957
8.74774
9.75867
7.28385
5.73654
7.36118
2.84691
8.718
3.51074
3.71028
10.7617
3.3401
8.38201
5.85946
9.80602
9.02323
7.25195
6.64531
7.56218
10.5496
3.27537
3.32521
7.63499
8.01188
5.5122
9.80002
1.84835
8.04316
2.24141
5.91151
5.22163
3.36271
5.866
5.71515
2.3315
0
5.17573
4.31877
9.4332
8.93746
6.00501
10.7624
6.11748
9.0124
3.68438
3.2732
5.09025
8.76038
5.95596
5.24735
7.21519
8.14973
5.88155
6.63238
4.38896
4.20059
6.9856
9.8254
5.40332
5.64581
7.73098
7.28171
4.95095
2.3661
10.0487
10.5303
5.45422
6.54072
5.66435
5.74953
7.02194
9.02941
5.67033
3.32682
5.5844
8.23559
8.80191
7.25607
8.75571
7.54799
7.28248
7.99933
5.27321
10.3989
5.69863
5.6526
10.6034
8.14819
9.42876
3.97923
8.06185
7.40013
8.02157
10.2249
10.3785
7.0437
4.80071
2.05446
3.55852
7.95661
3.84161
5.56102
7.06028
6.63348
7.5268
5.33696
2.68785
7.61829
4.55658
6.6689
8.917
1.98668
9.12409
9.76014
7.2551
8.28895
3.85253
10.074
9.57032
8.44891
2.70407
4.01075
4.03035
5.87938
5.74263
9.68991
5.27305
10.123
3.94379
3.30362
7.24688
5.95193
4.11448
8.46372
5.51225
5.17573
0
6.0146
6.90003
6.35284
4.46893
8.78171
3.42045
9.05153
7.84671
2.80923
6.74825
6.94164
2.45624
6.02119
6.56605
4.99338
4.34377
5.63354
7.28536
6.1593
9.66265
7.29869
2.55672
9.27946
5.77326
7.52807
5.76944
4.50563
6.94299
9.80361
3.00476
2.51658
2.62287
7.39282
7.15605
7.4165
3.50765
7.72542
1.45276
9.13203
7.43718
6.51077
5.04514
3.51275
8.07145
3.76679
3.27452
10.1881
6.96014
4.31161
9.54663
8.87582
8.30515
7.7553
9.63609
9.65718
10.875
6.17738
8.09296
7.30867
4.63254
4.59435
5.38518
6.31972
4.12022
7.88922
9.49257
6.81207
6.82533
5.01599
5.09288
9.02914
5.00238
6.04774
8.06746
5.33366
9.57692
4.68751
8.55335
8.08584
6.90662
8.70447
6.63489
7.89516
5.96363
6.86729
8.49752
5.15371
6.8955
7.02081
2.59896
8.45719
3.31661
6.482
5.14606
3.46062
6.19388
5.4664
2.7409
4.31877
6.0146
0
7.87606
8.57457
3.98297
8.43629
5.74316
7.25531
3.63726
4.54394
1.43303
6.90967
5.27946
4.77862
5.89186
8.15699
8.58823
5.21142
8.023
5.99307
5.84022
7.33795
7.76396
4.79409
6.53333
1.16123
7.94864
7.17103
8.56003
8.6878
5.85403
6.78622
5.73612
9.66689
6.81563
6.42772
8.54411
9.76527
8.32753
5.15466
6.34463
2.20369
9.75923
7.6943
6.85559
9.7495
7.64153
9.29377
7.05873
3.85469
8.74525
12.1718
8.01951
9.11283
8.00178
5.66089
5.27694
7.56124
7.77878
0.916604
4.12979
6.90505
4.00052
8.95332
4.41531
1.81113
2.9713
3.61806
7.19197
8.35659
7.50211
4.56624
6.52285
8.43315
2.9606
7.61735
7.53656
10.4418
0.899761
3.51152
3.27368
10.7343
7.38675
2.66374
8.07981
9.93787
5.16947
3.88548
6.07655
4.96809
8.98446
8.34996
8.71048
4.57979
6.70681
7.1851
4.20236
7.87882
9.53326
9.4332
6.90003
7.87606
0
2.47568
8.0754
2.28133
3.71344
4.48737
9.59133
8.67769
7.28172
1.34712
7.293
5.21913
3.1734
3.28596
8.20968
3.10767
10.3385
7.34023
8.31108
2.27268
8.95309
9.50581
1.78376
2.76386
6.85327
6.61647
8.49921
7.56925
7.13845
7.26226
6.28529
8.27103
5.55056
6.08965
9.53499
8.64782
8.6098
3.61212
5.86837
4.34965
9.64145
7.96978
5.26859
9.8151
8.69068
7.88341
5.57599
4.59494
7.76997
10.8069
7.10781
7.65518
6.0306
3.40477
2.94281
8.44429
7.58889
3.20225
4.09736
6.37115
4.68804
8.1784
4.54605
1.68677
0.918761
3.01624
6.2138
9.36355
6.69921
2.75273
5.67007
7.45863
5.34767
6.86961
5.9681
10.8294
1.93118
3.42168
2.63024
9.68776
7.5191
5.12302
7.07212
8.89008
3.41732
5.65606
4.61814
6.61732
8.98581
7.67755
8.6141
3.37662
6.43003
7.03543
3.08471
7.76363
9.62246
8.93746
6.35284
8.57457
2.47568
0
8.83525
4.55219
3.31354
5.29418
9.65947
8.429
8.13284
3.18011
7.55768
5.02061
3.60736
1.54357
6.39467
3.64083
8.91862
6.30419
8.59987
4.65583
7.83465
9.7426
2.31289
8.3031
7.38323
4.66661
10.474
12.5262
3.17157
5.95688
5.2977
8.62547
9.33262
10.2109
1.33791
6.75587
4.46509
10.7167
10.1456
7.23314
8.73442
7.19678
9.97691
7.43498
1.34749
12.7513
8.56116
5.96349
12.4043
10.5014
11.1455
7.72601
11.268
10.641
11.3009
9.55663
11.2504
7.74386
6.06452
4.53915
4.28772
9.31837
4.94529
7.59503
9.68129
8.4025
9.39649
1.3562
5.42088
10.2692
6.69408
8.51683
8.65302
5.02865
11.7045
8.63845
8.81321
9.74773
6.43539
11.7433
9.95418
8.21194
5.95619
6.76549
7.87523
4.83092
8.47816
9.12136
4.70854
11.5154
3.80374
6.52857
8.1472
6.45466
6.82054
8.92053
4.45385
6.00501
4.46893
3.98297
8.0754
8.83525
0
9.0238
5.70793
9.50791
7.30094
3.60677
5.05549
7.66383
2.32261
7.12889
7.5468
7.94765
8.54084
6.53561
9.8649
8.23723
9.51485
7.18565
6.48724
8.71072
7.1888
2.08916
9.53316
8.82759
8.70012
9.38293
6.31123
7.28483
6.40457
11.3974
8.1165
6.80115
9.19104
11.7403
9.16869
6.35591
6.84714
1.94423
10.3105
8.11446
8.28129
10.3496
8.29203
10.2439
8.7037
4.64643
9.34364
13.7637
8.74107
11.1111
9.57752
7.39629
7.04982
6.97877
7.85325
1.78995
5.45031
8.5939
5.50412
9.93695
5.82733
4.07743
4.88772
4.8349
8.26173
9.14378
9.23484
6.02772
8.03489
9.70902
1.00907
9.40439
8.66659
10.6014
2.70202
4.02589
5.43874
11.6617
7.41186
1.19578
9.92646
11.7607
7.44208
4.25849
7.69297
3.67055
10.0413
8.82141
10.0038
6.64941
7.44248
8.11785
6.12177
8.32858
10.5557
10.7624
8.78171
8.43629
2.28133
4.55219
9.0238
0
5.64072
4.05508
10.2043
10.1976
7.57747
2.1091
8.74759
6.20193
3.99441
5.55226
10.3331
4.20606
11.9039
8.6865
8.30643
2.13359
10.9908
9.73699
3.49407
3.92403
4.80151
3.54469
7.90509
8.20753
4.56123
5.10561
4.00233
6.3835
5.10845
6.31001
6.49102
6.11154
5.69086
5.34995
6.10735
4.25069
7.81732
6.10587
5.32578
7.51886
5.72376
8.39913
4.51912
2.96019
8.27354
8.96743
7.2034
5.57554
6.465
5.06749
5.61619
7.78696
7.7719
3.85541
2.12763
3.25902
2.16014
6.8362
1.70642
2.65986
4.17661
3.4635
5.61152
6.44215
3.84978
4.72628
3.5578
5.87059
5.93935
3.91194
6.84455
8.84466
4.0384
4.94461
1.24758
8.90709
7.11732
5.56784
4.39126
6.24059
3.03465
3.98055
3.91924
6.70516
5.97115
7.79939
5.40141
1.36784
5.24884
4.84587
1.48102
6.61746
6.51768
6.11748
3.42045
5.74316
3.71344
3.31354
5.70793
5.64072
0
5.85877
7.3522
5.18367
5.71039
3.66337
4.47752
3.66222
3.35996
2.46096
5.06266
2.52157
7.39459
4.91545
7.62412
4.63381
5.39836
8.02418
2.37495
3.33011
7.60282
8.05369
4.80098
5.92491
6.62242
5.1397
4.82865
9.50626
5.45674
3.05349
9.49431
11.279
7.65829
4.5221
3.23691
3.64451
7.14364
5.32619
5.85409
7.6805
8.69439
6.99689
6.68085
3.65907
5.73756
11.4156
5.18776
10.1482
7.39133
6.32089
7.07792
3.64603
3.84424
3.95044
4.33071
7.97725
6.68518
6.77974
5.31844
5.70299
5.81103
3.1233
5.21612
10.1186
8.27777
4.8007
6.2436
7.03915
4.29275
8.7852
5.9229
7.65734
4.63315
2.23332
6.30881
8.17231
3.49904
4.6574
9.06167
10.7339
7.95403
5.79436
5.75229
2.3044
8.52755
5.02235
9.04846
6.48651
4.33382
5.76717
5.52225
4.85178
9.19973
9.0124
9.05153
7.25531
4.48737
5.29418
9.50791
4.05508
5.85877
0
7.56623
9.73379
6.05118
3.36748
9.49171
3.86391
2.51003
6.32912
9.5763
3.44999
9.48495
6.18686
4.66365
5.21439
10.8593
6.54728
3.91025
8.9349
4.88967
5.58991
4.86193
7.9295
6.3454
2.96284
4.01262
6.19528
5.96669
6.33727
6.9979
8.40044
2.85015
8.81369
6.36156
8.46188
1.68041
2.2549
7.00212
0.16889
6.85187
8.17347
6.11359
5.77757
7.59195
6.8073
6.44131
7.73589
8.44211
9.50657
11.2486
5.65955
6.53403
9.09608
5.67971
5.85787
7.96878
3.76664
5.80009
9.5915
10.508
7.1392
5.29197
8.49612
5.71023
9.03211
4.74314
4.14232
10.0423
6.34063
8.25855
2.18653
10.0331
8.41616
8.59061
5.7557
5.26573
10.0339
6.45385
6.95878
9.63683
8.03246
6.36594
8.04473
3.15786
6.49136
4.6906
7.56191
3.9227
2.6515
7.03072
3.48429
3.64342
3.68438
7.84671
3.63726
9.59133
9.65947
7.30094
10.2043
7.3522
7.56623
0
6.18513
3.52248
8.51223
8.07074
4.75626
6.73049
9.42323
8.65733
6.49381
6.06544
4.68954
4.09675
9.72018
8.77637
2.15161
7.95313
8.78558
4.69135
2.12775
9.61797
10.9334
5.2759
5.7653
5.31011
5.37319
7.48468
9.37695
4.4834
3.49801
3.80108
9.59368
9.20547
8.39026
7.42774
6.62418
8.04883
6.31202
4.46056
10.8039
6.25423
6.20391
10.8904
7.15601
9.62228
4.43879
9.01518
9.10366
10.1696
9.8739
10.4594
8.56333
5.55009
2.20563
5.12234
7.30629
4.60399
7.71256
9.24387
7.77305
7.68
4.85234
2.56214
9.19613
4.6747
6.18408
10.138
2.10279
9.95853
8.16116
9.15982
9.50977
6.06793
9.51673
9.4057
9.74924
2.79583
3.17897
6.54885
6.73076
6.5782
10.1667
3.1237
10.1996
1.55158
5.22842
7.0435
5.18245
5.65595
7.91242
3.08121
3.2732
2.80923
4.54394
8.67769
8.429
3.60677
10.1976
5.18367
9.73379
6.18513
0
5.68854
8.31933
2.9932
6.28518
7.49349
7.2935
5.71356
6.58121
6.78534
6.12986
9.03778
8.72567
3.64474
8.01974
7.29696
6.76389
5.97761
5.19254
5.87091
8.97128
3.10382
1.59647
1.93517
7.7891
6.67844
6.37588
4.55223
8.63185
2.39648
8.42024
6.45215
5.72271
4.58448
2.62624
7.61965
3.65219
4.14006
9.51514
6.83065
3.59814
8.67402
9.30704
7.49111
8.37079
9.29204
9.23118
10.456
4.7718
6.95759
6.62439
4.20532
5.25868
5.5277
5.94235
4.01828
7.57836
9.03436
6.08495
6.24001
5.9487
5.72192
8.4113
5.00021
5.91676
7.19452
6.08452
8.92165
4.10846
7.94517
7.14476
6.85692
8.26074
5.44735
7.12181
6.64967
7.74847
8.60867
4.86254
6.60771
5.74068
3.61242
7.52336
4.48375
6.52726
4.35905
3.16027
6.03294
4.56143
3.9479
5.09025
6.74825
1.43303
7.28172
8.13284
5.05549
7.57747
5.71039
6.05118
3.52248
5.68854
0
6.1627
6.19983
4.09484
5.05028
7.97299
8.9698
4.55529
8.20922
5.75453
4.67625
6.7736
8.59711
4.01076
5.97699
0.726497
7.4389
6.80524
7.41597
8.04112
5.10369
5.65276
4.6794
9.29495
6.23842
5.48308
7.96533
9.75199
7.42716
4.99225
5.45316
1.23129
8.65406
6.52395
6.45767
8.66561
7.0667
8.75204
6.6705
2.7958
8.02003
11.683
7.23657
9.04422
7.82217
5.86209
5.92965
6.23765
6.75734
0.683862
3.38398
6.58499
3.97536
8.08469
3.82484
2.72972
3.83472
3.01866
6.44636
8.0394
7.17051
4.59908
5.946
7.71755
2.54099
7.38587
7.15489
9.21422
1.9718
2.94471
3.68163
9.92618
6.21735
2.40411
7.86361
9.69892
5.7452
3.38607
5.69483
3.76193
8.19197
7.46846
8.12303
4.65127
5.68889
6.22872
4.05699
6.76038
8.75851
8.76038
6.94164
6.90967
1.34712
3.18011
7.66383
2.1091
3.66337
3.36748
8.51223
8.31933
6.1627
0
7.20715
4.28118
2.13221
3.9544
8.33766
2.17415
9.84941
6.68177
7.0673
2.26939
9.06094
8.29153
1.44821
7.72249
6.6223
3.6896
10.7679
12.0264
4.19451
6.58329
5.69524
7.6642
8.62604
10.0236
3.64175
5.1495
5.33564
9.75808
9.87751
7.10646
9.28906
7.80494
9.06468
8.22078
3.33827
12.0956
7.57666
5.88229
12.0097
9.84197
10.7836
6.20469
10.1111
9.28241
9.76542
10.2745
11.2725
7.22309
5.5644
3.43541
3.30589
9.18125
4.38481
6.34291
8.32621
7.72119
8.93434
2.9374
4.34671
9.16994
6.00564
8.10544
8.61621
3.72651
10.8539
9.72946
7.886
9.18886
4.9554
11.5091
10.2036
8.10246
4.64917
5.64089
5.96089
4.98983
7.50284
9.54036
5.2914
11.3223
3.9584
5.03764
8.1245
6.60123
5.62637
9.17691
5.25676
5.95596
2.45624
5.27946
7.293
7.55768
2.32261
8.74759
4.47752
9.49171
8.07074
2.9932
6.19983
7.20715
0
6.88152
7.18495
6.39838
6.7831
6.13788
9.1101
7.66791
10.0675
6.9056
4.59795
9.51677
6.42455
4.51128
3.82561
4.47567
4.25469
5.47884
5.13779
2.68446
2.31424
5.81088
2.89034
3.17871
7.35362
7.69661
4.56317
4.41707
3.05212
4.7334
4.65861
3.02206
3.69206
4.90153
6.68408
5.94211
3.4564
2.15829
5.34973
7.81518
4.15414
6.55499
5.41465
5.26195
6.73053
4.71643
4.41806
4.91028
1.63439
4.49117
5.02452
3.85642
2.63899
5.2582
5.83335
2.39542
2.73506
8.12618
4.59376
4.47751
2.45007
3.58085
6.39413
5.22333
4.95961
5.86141
5.47599
3.87737
4.67731
5.94693
3.58755
6.37343
5.39636
6.94934
5.918
5.35171
2.85179
5.1778
5.1055
4.53294
5.56352
3.92175
1.64404
2.27878
3.00067
2.99383
5.86885
5.24735
6.02119
4.77862
5.21913
5.02061
7.12889
6.20193
3.66222
3.86391
4.75626
6.28518
4.09484
4.28118
6.88152
0
2.25115
5.12116
6.39557
2.26306
6.01975
2.72771
4.05693
6.08758
7.47873
4.75893
3.51509
2.30601
5.73492
5.75001
5.46077
6.24403
5.05491
4.09119
3.32167
7.65816
4.30397
3.60952
7.79668
8.89181
6.12639
3.91395
3.55059
2.77966
6.67864
4.71898
4.71098
6.87766
6.97306
6.93083
4.95666
1.67994
6.1759
9.87518
5.25896
7.89758
6.28308
5.02415
5.85512
4.923
4.96516
2.79916
1.97128
5.62692
4.42707
5.97808
2.95187
3.75874
4.38767
1.46505
4.37984
8.24717
5.99722
3.78416
4.25673
5.7222
4.30886
6.42442
5.53172
7.50514
3.45676
2.26185
3.93193
7.81426
4.36376
4.31754
6.75167
8.51004
5.65417
4.27325
4.01571
3.77095
6.83633
5.52046
7.0357
4.0368
3.58012
4.38444
3.11855
4.70642
7.5116
7.21519
6.56605
5.89186
3.1734
3.60736
7.5468
3.99441
3.35996
2.51003
6.73049
7.49349
5.05028
2.13221
7.18495
2.25115
0
4.20008
7.34986
1.05336
8.00028
4.72118
5.22854
4.19844
8.40506
6.44881
1.78348
3.78192
6.18974
5.57808
9.01613
8.22294
6.77016
7.19013
6.14918
7.45407
5.63559
6.8358
8.80745
7.2751
8.07149
4.51717
6.58068
4.9569
9.59619
8.00496
5.3921
9.5839
8.01729
8.34803
5.17916
4.70217
8.43008
10.0819
7.62325
6.45967
6.0581
3.73695
3.47881
9.10172
8.37517
3.95069
3.9388
5.29994
3.92933
8.10929
4.04427
1.66901
2.08214
3.6864
6.38352
8.51319
5.64705
3.62712
5.13755
7.15581
6.19966
5.68991
6.49299
10.8425
3.0568
4.6484
1.52202
9.76617
8.14948
5.85287
5.90761
7.69528
1.96073
5.53751
4.40947
7.52789
8.29019
8.29698
7.69299
2.26837
6.61306
6.79311
2.45098
8.02406
8.87509
8.14973
4.99338
8.15699
3.28596
1.54357
7.94765
5.55226
2.46096
6.32912
9.42323
7.2935
7.97299
3.9544
6.39838
5.12116
4.20008
0
5.23203
3.86799
8.34934
6.0597
9.03903
5.07125
6.39568
9.84703
2.76062
8.34283
3.86173
4.24782
9.68782
8.55274
8.78776
8.0107
7.44059
3.52178
5.39738
8.39955
9.56329
3.54273
7.66144
6.79347
8.04856
9.16477
8.86151
8.42198
5.15618
8.78153
9.13965
7.93256
3.71525
7.27253
8.80823
5.90384
7.89119
1.8923
4.99935
5.27587
6.364
11.0804
9.70435
8.59211
5.92856
4.22316
6.7137
6.86784
5.7938
6.7215
6.80566
6.53664
6.22027
9.57557
3.62542
6.30876
4.33081
5.43614
10.8138
3.70575
6.82978
10.6715
8.11008
8.19997
5.2751
8.13542
9.48953
10.4963
3.02897
3.85506
3.67985
8.92395
4.19445
11.0864
7.09729
8.82349
6.33525
3.77379
7.14082
6.60788
4.33706
8.36109
7.62164
5.88155
4.34377
8.58823
8.20968
6.39467
8.54084
10.3331
5.06266
9.5763
8.65733
5.71356
8.9698
8.33766
6.7831
6.39557
7.34986
5.23203
0
6.9058
4.82441
4.97628
9.92881
9.61835
3.25377
9.83316
6.88992
2.56326
5.38853
4.9364
6.0296
6.99814
4.1806
3.77259
2.7781
7.32167
4.59715
4.44506
6.85301
8.12854
5.47345
4.60286
4.36282
2.64727
6.69421
4.65446
5.051
6.65176
6.02203
7.56365
4.89301
0.970959
6.9372
9.6307
5.91657
7.32952
6.59783
5.34786
6.12413
5.42121
5.79312
2.7375
1.26237
4.78194
3.42723
6.10956
1.98647
3.39202
4.517
2.09402
4.7348
7.23821
5.27079
4.32104
3.87289
5.66673
4.40795
5.61628
6.16042
7.45988
3.56179
3.2178
3.24932
8.14614
5.02407
4.27354
6.0456
7.82354
5.16802
3.49207
4.04963
4.28217
6.16175
6.24837
6.20902
3.42018
3.82032
4.09478
2.63775
5.02033
6.79242
6.63238
5.63354
5.21142
3.10767
3.64083
6.53561
4.20606
2.52157
3.44999
6.49381
6.58121
4.55529
2.17415
6.13788
2.26306
1.05336
3.86799
6.9058
0
7.86496
4.69716
5.64545
3.859
7.61366
6.52423
1.50992
9.92677
2.74421
5.44629
7.18099
6.60911
9.66338
6.97006
7.16815
1.69502
4.30129
7.1528
10.3856
6.01008
6.72661
7.45782
6.86941
10.5121
5.71176
6.57862
4.58938
6.11262
10.1138
5.81203
3.37459
7.86266
6.68551
2.10725
5.79748
4.2284
4.70578
6.98199
8.95772
9.57091
7.82208
10.3732
6.72384
5.72207
9.09323
3.58361
7.00273
9.50624
9.47877
7.26808
4.45529
11.1785
4.77323
7.58427
4.12573
2.64503
12.2396
5.465
5.98136
7.87864
10.3351
8.86085
8.22684
4.12254
7.64765
12.1265
4.68546
4.67124
7.65146
10.5307
4.42648
11.1122
6.05761
6.56819
6.34527
6.50003
5.54337
5.17148
6.30589
6.04004
6.68108
4.38896
7.28536
8.023
10.3385
8.91862
9.8649
11.9039
7.39459
9.48495
6.06544
6.78534
8.20922
9.84941
9.1101
6.01975
8.00028
8.34934
4.82441
7.86496
0
3.33586
7.65776
11.577
6.5578
7.08834
8.62025
6.78007
1.83865
4.23858
4.77676
4.8673
7.13045
4.28975
4.32443
3.44844
1.65169
4.19619
8.63729
6.56915
5.1002
4.91508
3.9231
7.31604
4.29686
4.06836
2.50907
4.79848
8.14533
4.7085
1.52733
4.71852
4.85073
5.259
3.63482
4.95189
3.842
5.09166
7.03759
6.6334
5.18251
7.25949
3.68084
4.40723
6.66913
2.15868
4.29416
6.85953
6.98225
4.11731
1.70242
9.44308
3.89449
5.06805
1.66895
1.16286
8.99719
4.71014
4.19341
6.28673
7.40288
5.71943
5.86636
4.05879
4.80541
8.93799
4.39059
5.51687
6.09069
7.68074
1.9143
7.79883
5.02652
4.37382
5.47527
4.39065
2.46648
2.66699
3.77029
3.46419
5.83387
4.20059
6.1593
5.99307
7.34023
6.30419
8.23723
8.6865
4.91545
6.18686
4.68954
6.12986
5.75453
6.68177
7.66791
2.72771
4.72118
6.0597
4.97628
4.69716
3.33586
0
5.09747
8.5253
6.65078
5.1903
5.59253
7.30089
6.49446
7.70841
1.44953
5.56556
7.22966
3.57108
4.43617
8.17012
5.23004
3.43018
9.1972
10.9234
5.8097
6.92293
3.67938
7.097
3.13895
2.49242
6.15326
4.12841
8.71628
6.42065
6.45007
5.17336
5.08518
9.14538
4.27695
9.75938
7.76342
8.41719
10.0341
2.26563
2.995
7.73242
5.49893
7.8449
8.52818
4.11882
6.29052
8.93116
9.30175
5.62385
4.31186
10.4801
7.81945
7.44057
5.73706
5.14797
8.24344
8.53399
6.53716
3.50848
8.59958
6.06243
8.6396
5.4023
1.59966
8.48746
8.64015
9.73497
9.95395
7.93144
6.15834
5.40176
6.56337
3.78362
7.7827
7.97119
2.81433
3.94972
7.04927
1.65944
7.20363
6.9856
9.66265
5.84022
8.31108
8.59987
9.51485
8.30643
7.62412
4.66365
4.09675
9.03778
4.67625
7.0673
10.0675
4.05693
5.22854
9.03903
9.92881
5.64545
7.65776
5.09747
0
8.69286
10.9826
2.28004
6.96878
2.70995
8.9823
7.65843
9.28499
10.2943
4.77311
6.7809
5.72473
10.8091
8.31851
7.6283
7.4378
10.4729
8.14324
7.18524
7.63024
1.64313
10.1608
7.88205
8.57563
9.87659
6.54155
10.9997
8.51701
4.12167
10.2531
13.2576
9.43035
10.1943
9.9061
7.80905
7.52529
7.5676
8.80888
1.77089
4.90909
7.3852
3.79958
9.94171
4.83949
3.46434
5.19098
5.21924
8.51923
7.17341
8.17807
6.69052
7.50639
9.49561
1.93716
8.19167
9.39575
10.3668
3.11042
5.15414
4.44809
11.9575
8.08348
1.30867
8.85299
10.637
6.68997
2.46195
7.62705
4.63817
8.96678
9.6287
8.69809
5.85908
7.53886
7.655
5.58224
8.53969
9.37267
9.8254
7.29869
7.33795
2.27268
4.65583
7.18565
2.13359
4.63381
5.21439
9.72018
8.72567
6.7736
2.26939
6.9056
6.08758
4.19844
5.07125
9.61835
3.859
11.577
8.5253
8.69286
0
9.68427
9.67176
3.22757
9.29008
5.04888
3.46378
11.1485
11.0706
7.84178
8.18297
7.52843
4.87032
7.58971
10.2293
7.66735
1.15702
6.93766
9.17796
9.94453
9.54811
9.55573
8.9137
7.69173
8.90538
7.45467
10.6283
5.92596
7.70305
11.2138
6.97008
10.1049
2.44112
7.99445
7.93117
8.70934
11.9458
11.5281
9.2093
6.60667
3.38472
6.05054
8.36542
5.89052
7.43032
8.40369
8.11932
8.19532
7.42179
3.19791
8.60298
5.38448
6.92193
11.2365
2.56614
9.55346
10.893
9.13571
9.87031
5.71256
10.1217
10.8996
10.7964
2.43293
2.6776
4.80731
8.3993
6.34463
11.817
6.2201
10.9219
4.8995
4.67947
8.40469
7.12483
5.5231
9.56055
6.42549
5.40332
2.55672
7.76396
8.95309
7.83465
6.48724
10.9908
5.39836
10.8593
8.77637
3.64474
8.59711
9.06094
4.59795
7.47873
8.40506
6.39568
3.25377
7.61366
6.5578
6.65078
10.9826
9.68427
0
10.4079
7.73918
8.64864
6.06034
7.10592
3.21387
7.02377
7.02619
3.23111
4.41425
7.5328
5.96918
5.28093
8.2937
10.1515
4.51113
8.41477
5.421
8.21591
1.49075
1.95187
7.00444
2.12346
8.01431
7.55487
6.70176
5.85119
6.58011
8.14225
5.60818
9.23226
8.54468
9.54201
11.2779
3.98939
5.05668
8.92722
6.028
7.32015
8.73785
3.88356
6.48439
9.85572
10.5357
6.9012
5.07952
9.78214
7.2272
8.81138
5.6395
4.82715
9.57122
7.91736
7.81485
1.39634
9.89943
7.77395
9.19512
5.4464
3.75109
9.70273
8.02425
8.77355
10.4174
8.35478
6.72317
7.00726
5.1256
5.3442
6.58037
8.32802
3.53548
3.44073
7.57969
2.44223
5.64827
5.64581
9.27946
4.79409
9.50581
9.7426
8.71072
9.73699
8.02418
6.54728
2.15161
8.01974
4.01076
8.29153
9.51677
4.75893
6.44881
9.84703
9.83316
6.52423
7.08834
5.1903
2.28004
9.67176
10.4079
0
7.99379
1.58111
6.20201
5.62641
7.19961
7.48133
5.02925
5.27508
4.2378
7.98035
5.21527
5.20216
7.67068
8.42707
6.7955
4.29215
5.07752
2.43465
8.11187
6.1441
5.3846
8.11235
6.80033
8.00292
5.40233
2.40745
7.51582
10.4416
6.63487
7.63925
6.68857
4.7985
5.08071
6.60624
6.63759
1.79616
2.38482
5.40139
3.32925
7.23381
2.84516
1.99527
3.16676
2.21804
5.57414
7.73551
5.91573
3.76996
4.75486
6.66893
3.96135
6.14069
6.34168
8.96244
2.13414
2.9565
2.46565
9.10762
6.13609
3.73795
6.55023
8.40175
4.42673
3.67985
4.45505
4.80939
7.38997
7.03947
7.20399
3.2258
5.0709
5.46562
2.62852
6.32873
7.99621
7.73098
5.77326
6.53333
1.78376
2.31289
7.1888
3.49407
2.37495
3.91025
7.95313
7.29696
5.97699
1.44821
6.42455
3.51509
1.78348
2.76062
6.88992
1.50992
8.62025
5.59253
6.96878
3.22757
7.73918
7.99379
0
