0
0.761787
0.717313
0.751851
0.778501
0.580971
0.613965
0.520538
0.942293
0.616788
0.538699
0.864862
1.00015
0.797118
0.453682
0.533857
0.186259
0.896794
0.691986
0.628093
0.908619
0.775136
0.849603
0.666649
0.330983
0.780104
1.18193
0.710294
0.918539
0.755619
0.543981
0.538368
0.651027
0.668365
0.0955045
0.372107
0.695359
0.447332
0.821724
0.42722
0.263175
0.331547
0.286956
0.643203
0.869384
0.747713
0.412807
0.61566
0.785698
0.277087
0.771288
0.683314
0.964047
0.14642
0.251512
0.379814
0.993138
0.631344
0.270358
0.812637
0.997483
0.566564
0.407973
0.56454
0.401765
0.869365
0.735309
0.862163
0.475109
0.587304
0.658906
0.41354
0.696189
0.929078
0.914784
0.728171
0.752807
0.116123
0.276386
0.83031
0.208916
0.392403
0.333011
0.89349
0.878558
0.676389
0.0726497
0.772249
0.451128
0.230601
0.378192
0.834283
0.256326
0.992677
0.678007
0.730089
0.270995
0.929008
0.864864
0.158111
0.761787
0
0.295213
0.639651
0.659943
0.700859
0.481841
0.472082
0.202286
0.327367
0.596795
0.7948
0.482037
0.463909
0.622452
0.569991
0.800857
0.501269
0.488347
0.38305
0.500354
0.757036
0.624799
0.200283
0.533812
0.662334
0.427847
0.544383
0.331709
0.471873
0.587562
0.765223
0.799084
0.698343
0.792996
0.416813
0.319404
0.638128
0.332648
0.429158
0.713328
0.75607
0.526405
0.35348
0.865338
0.240569
0.615133
0.151818
0.18743
0.979518
0.322085
0.569166
0.687681
0.808082
0.704324
0.576987
0.519302
0.644824
0.962339
0.273094
0.368063
0.570061
0.781658
0.279533
0.8985
0.417644
0.619348
0.426053
0.411875
0.394838
0.311198
0.391712
0.489677
0.489945
0.293624
0.495095
0.576944
0.794864
0.685327
0.738323
0.953316
0.480151
0.760282
0.488967
0.469135
0.597761
0.74389
0.66223
0.382561
0.573492
0.618974
0.386173
0.538853
0.274421
0.183865
0.649446
0.89823
0.504888
0.606034
0.620201
0.717313
0.295213
0
0.808405
0.895227
0.505447
0.472951
0.415062
0.410752
0.545041
0.750159
0.5487
0.355848
0.368743
0.749184
0.729179
0.710979
0.645713
0.551826
0.596311
0.573744
0.51298
0.882839
0.422089
0.473693
0.894999
0.638402
0.770663
0.342588
0.697263
0.701991
0.821117
0.861316
0.868825
0.712429
0.378302
0.0373482
0.42781
0.576971
0.305566
0.618349
0.742871
0.580717
0.574972
0.589317
0.0783597
0.711493
0.267554
0.454191
0.892313
0.0908191
0.787001
0.759892
0.753656
0.760414
0.454013
0.797139
0.780351
0.858895
0.158091
0.308172
0.496789
0.60405
0.446557
0.884347
0.32601
0.835045
0.233412
0.336295
0.535101
0.381448
0.366651
0.642589
0.371821
0.296235
0.23661
0.450563
0.717103
0.661647
0.466661
0.882759
0.354469
0.805369
0.558991
0.212775
0.519254
0.680524
0.36896
0.447567
0.575001
0.557808
0.424782
0.49364
0.544629
0.423858
0.770841
0.765843
0.346378
0.710592
0.562641
0.751851
0.639651
0.808405
0
0.424591
0.826203
0.455254
0.528338
0.791567
0.458931
0.271191
1.0291
1.10791
0.671115
0.626139
0.293623
0.766414
0.35485
0.345635
0.540639
0.488635
0.978005
0.512658
0.603165
0.576458
0.373365
0.878675
0.307434
0.967738
0.687224
0.779702
0.952314
0.324196
0.193987
0.809713
0.58428
0.822789
0.911711
0.36516
0.678174
0.909557
0.911417
0.548719
0.362772
1.14923
0.8066
0.690985
0.57811
0.483387
0.879455
0.883595
0.548265
0.454073
0.87023
0.584654
0.884286
0.440208
0.131085
0.90571
0.880181
0.988062
0.988993
0.876523
0.576123
0.604848
0.729869
0.244642
0.844909
0.804231
0.281535
0.443734
0.708265
0.171201
0.800537
0.737831
1.00487
0.694299
0.856003
0.849921
1.0474
0.870012
0.790509
0.480098
0.486193
0.961797
0.587091
0.741597
1.07679
0.425469
0.546077
0.901613
0.968782
0.60296
0.718099
0.477676
0.144953
0.928499
1.11485
0.321387
0.719961
0.778501
0.659943
0.895227
0.424591
0
1.05685
0.740225
0.760994
0.756007
0.354702
0.310329
1.27594
1.11173
0.927883
0.412032
0.292551
0.885236
0.662551
0.669245
0.346973
0.798111
1.21377
0.134566
0.515375
0.731466
0.0569603
0.85403
0.152295
0.921221
0.401111
0.539186
0.719526
0.678595
0.313894
0.864472
0.679037
0.904638
1.00754
0.465003
0.789835
0.88368
0.783649
0.526436
0.32729
1.35803
0.864829
0.49991
0.628245
0.525696
0.990986
0.94137
0.212499
0.839909
0.839917
0.542419
0.874362
0.40602
0.438308
1.01304
0.907426
1.01964
0.891383
1.0441
0.484713
0.808808
0.952058
0.180063
1.02151
0.777388
0.46603
0.653134
0.68866
0.478429
1.03311
0.88939
1.05303
0.980361
0.86878
0.756925
1.25262
0.938293
0.820753
0.592491
0.79295
1.09334
0.897128
0.804112
1.20264
0.547884
0.624403
0.822294
0.855274
0.699814
0.660911
0.48673
0.556556
1.02943
1.10706
0.702377
0.748133
0.580971
0.700859
0.505447
0.826203
1.05685
0
0.398433
0.315001
0.877765
0.785811
0.78484
0.298558
0.822769
0.40873
0.87494
0.786019
0.444769
0.743934
0.534299
0.855683
0.649405
0.21342
1.10781
0.76584
0.345547
1.03923
1.08174
0.92205
0.842643
1.01045
0.921437
0.987183
0.677964
0.88213
0.527102
0.417217
0.491085
0.327152
0.810718
0.339967
0.601206
0.801458
0.624276
0.778329
0.360471
0.57913
0.842394
0.58208
0.763216
0.5842
0.577466
0.998091
0.721066
0.66741
0.723942
0.538615
1.05137
0.750103
0.552088
0.661766
0.796682
0.745369
0.235881
0.724979
0.597816
0.499003
0.942198
0.484351
0.575386
0.623127
0.511731
0.559684
0.695992
0.514283
0.641072
0.545422
0.300476
0.585403
0.713845
0.317157
0.631123
0.456123
0.662242
0.63454
0.52759
0.310382
0.510369
0.419451
0.513779
0.505491
0.677016
0.878776
0.41806
0.966338
0.713045
0.722966
0.477311
0.784178
0.702619
0.502925
0.613965
0.481841
0.472951
0.455254
0.740225
0.398433
0
0.121016
0.671991
0.513472
0.492948
0.574325
0.820657
0.264608
0.705667
0.497372
0.551027
0.358008
0.137591
0.610198
0.311265
0.524877
0.791989
0.544882
0.293783
0.711872
0.828609
0.591492
0.7571
0.77911
0.792036
0.931852
0.413909
0.558181
0.621577
0.325672
0.482608
0.553459
0.448398
0.344742
0.70142
0.814117
0.48866
0.465183
0.697527
0.509422
0.71327
0.378726
0.451526
0.709759
0.563125
0.736466
0.384335
0.731261
0.605133
0.628894
0.68007
0.415489
0.7073
0.602222
0.722867
0.783694
0.524265
0.521171
0.54238
0.36305
0.599943
0.457689
0.57066
0.276738
0.180034
0.50579
0.310634
0.42367
0.459263
0.654072
0.251658
0.678622
0.726226
0.595688
0.728483
0.510561
0.51397
0.296284
0.57653
0.159647
0.565276
0.658329
0.268446
0.409119
0.719013
0.80107
0.377259
0.697006
0.428975
0.357108
0.67809
0.818297
0.323111
0.527508
0.520538
0.472082
0.415062
0.528338
0.760994
0.315001
0.121016
0
0.669086
0.505086
0.504379
0.526161
0.770549
0.291301
0.658413
0.504148
0.455812
0.465707
0.249555
0.590743
0.417332
0.46309
0.810839
0.519893
0.190319
0.739754
0.85769
0.618806
0.715318
0.757793
0.7313
0.852739
0.467645
0.59667
0.519851
0.228766
0.416122
0.43434
0.505892
0.232975
0.589146
0.718524
0.422867
0.478497
0.625907
0.460387
0.651665
0.345815
0.479947
0.624875
0.504583
0.726447
0.504793
0.63025
0.547852
0.516382
0.741713
0.466404
0.614741
0.554307
0.695771
0.685766
0.416642
0.482693
0.510869
0.384454
0.638627
0.437986
0.475645
0.310394
0.221019
0.415745
0.38646
0.443907
0.478242
0.566435
0.262287
0.573612
0.628529
0.52977
0.640457
0.400233
0.482865
0.401262
0.531011
0.193517
0.46794
0.569524
0.231424
0.332167
0.614918
0.744059
0.27781
0.716815
0.432443
0.443617
0.572473
0.752843
0.441425
0.42378
0.942293
0.202286
0.410752
0.791567
0.756007
0.877765
0.671991
0.669086
0
0.46094
0.760837
0.929378
0.432484
0.610299
0.75206
0.731212
0.992948
0.626211
0.666272
0.487587
0.627425
0.903628
0.687414
0.315783
0.732804
0.765775
0.266677
0.663962
0.25859
0.509731
0.677819
0.854971
0.985781
0.851753
0.974897
0.6109
0.436859
0.795478
0.441822
0.613765
0.863934
0.887018
0.702117
0.495807
0.991441
0.336687
0.74395
0.350057
0.308342
1.17112
0.395179
0.658441
0.823622
0.971807
0.876826
0.718122
0.557659
0.816036
1.15131
0.309669
0.306721
0.651504
0.964386
0.419525
1.09855
0.532179
0.745545
0.522036
0.544894
0.577136
0.497707
0.548804
0.653947
0.589026
0.360673
0.574953
0.739282
0.966689
0.827103
0.862547
1.13974
0.63835
0.950626
0.619528
0.537319
0.77891
0.929495
0.76642
0.581088
0.765816
0.745407
0.352178
0.732167
0.169502
0.344844
0.817012
1.08091
0.487032
0.75328
0.798035
0.616788
0.327367
0.545041
0.458931
0.354702
0.785811
0.513472
0.505086
0.46094
0
0.323106
0.975278
0.767257
0.647194
0.342953
0.287453
0.705611
0.52908
0.488113
0.10525
0.607071
0.915797
0.347236
0.175766
0.488645
0.364183
0.638375
0.25582
0.589892
0.271329
0.386235
0.589494
0.654938
0.436443
0.682226
0.391047
0.553639
0.706196
0.297597
0.481875
0.646293
0.609575
0.330778
0.100861
1.04429
0.512862
0.374882
0.282187
0.257183
0.857208
0.587618
0.25928
0.723285
0.670562
0.464771
0.582445
0.415814
0.444234
0.857875
0.556502
0.684118
0.596256
0.795625
0.145526
0.740576
0.655383
0.344671
0.694624
0.453357
0.272064
0.385405
0.374478
0.375688
0.736819
0.583786
0.702194
0.715605
0.681563
0.555056
0.933262
0.81165
0.510845
0.545674
0.596669
0.748468
0.667844
0.623842
0.862604
0.289034
0.430397
0.563559
0.539738
0.459715
0.430129
0.165169
0.523004
0.831851
0.758971
0.596918
0.521527
0.538699
0.596795
0.750159
0.271191
0.310329
0.78484
0.492948
0.504379
0.760837
0.323106
0
1.02945
1.0408
0.725827
0.364915
0.0393188
0.606715
0.539115
0.447214
0.372425
0.642351
0.961483
0.414394
0.487886
0.461414
0.284502
0.911702
0.215551
0.88816
0.523469
0.540914
0.695223
0.405378
0.154186
0.614256
0.451974
0.754314
0.779578
0.431831
0.567653
0.695043
0.659575
0.320791
0.271097
1.11394
0.746205
0.432545
0.502942
0.486231
0.715386
0.816777
0.358011
0.664633
0.638361
0.332104
0.698407
0.523504
0.193836
0.739731
0.813997
0.955642
0.793832
0.76723
0.420592
0.508601
0.782789
0.203346
0.855647
0.637357
0.262921
0.46784
0.534604
0.296369
0.860823
0.777446
0.902941
0.74165
0.642772
0.608965
1.02109
0.680115
0.631001
0.305349
0.633727
0.937695
0.637588
0.548308
1.00236
0.317871
0.360952
0.68358
0.839955
0.444506
0.71528
0.419619
0.343018
0.76283
1.02293
0.528093
0.520216
0.864862
0.7948
0.5487
1.0291
1.27594
0.298558
0.574325
0.526161
0.929378
0.975278
1.02945
0
0.784184
0.429931
1.1212
1.02779
0.737439
0.849565
0.694032
1.04895
0.711838
0.0908823
1.30801
0.916608
0.614116
1.25802
1.10071
1.13281
0.869652
1.18969
1.13592
1.2099
0.911439
1.11949
0.808278
0.6472
0.541211
0.506761
0.946142
0.546465
0.832025
1.04058
0.879945
0.968343
0.175638
0.624216
1.08473
0.721456
0.884476
0.870014
0.597969
1.21432
0.805897
0.933484
1.00359
0.730392
1.18928
0.979512
0.832069
0.687301
0.763573
0.892433
0.49904
0.906093
0.88635
0.476001
1.15917
0.425602
0.740699
0.821785
0.653153
0.754518
0.880932
0.442785
0.633559
0.567033
0.350765
0.854411
0.953499
0.133791
0.919104
0.649102
0.949431
0.69979
0.44834
0.455223
0.796533
0.364175
0.735362
0.779668
0.880745
0.956329
0.685301
1.03856
0.863729
0.91972
0.74378
0.766735
0.82937
0.767068
1.00015
0.482037
0.355848
1.10791
1.11173
0.822769
0.820657
0.770549
0.432484
0.767257
1.0408
0.784184
0
0.673916
0.963951
1.01274
1.02122
0.919455
0.881626
0.784558
0.851474
0.772567
1.06088
0.598129
0.812959
1.12376
0.612908
1.01165
0.213089
0.812713
0.846277
0.945077
1.2062
1.16139
0.995992
0.702375
0.359947
0.681634
0.807114
0.635077
0.832391
0.924732
0.860023
0.819974
0.779402
0.318093
0.915291
0.543732
0.664478
1.19553
0.26753
0.972933
1.05637
0.996337
1.04053
0.658438
0.974914
1.09623
1.15454
0.232134
0.17462
0.574511
0.904486
0.656544
1.22629
0.586118
1.09238
0.462141
0.53807
0.842455
0.702855
0.610385
0.946777
0.60242
0.483763
0.332682
0.772542
0.976527
0.864782
0.675587
1.17403
0.611154
1.1279
0.840044
0.349801
0.863185
0.975199
0.51495
0.769661
0.889181
0.72751
0.354273
0.812854
0.601008
0.656915
1.09234
1.04729
0.115702
1.01515
0.842707
0.797118
0.463909
0.368743
0.671115
0.927883
0.40873
0.264608
0.291301
0.610299
0.647194
0.725827
0.429931
0.673916
0
0.887461
0.722402
0.725148
0.433021
0.332593
0.739279
0.298616
0.415848
0.949321
0.608786
0.469012
0.905012
0.745648
0.777811
0.66593
0.884439
0.922259
1.06218
0.664874
0.79516
0.787164
0.460225
0.387891
0.575821
0.53761
0.414183
0.810337
0.951681
0.676637
0.616468
0.570027
0.413569
0.879599
0.417497
0.4976
0.893475
0.447938
0.900492
0.449106
0.890467
0.824222
0.691144
0.774339
0.660391
0.8756
0.495868
0.567421
0.814921
0.606746
0.622607
0.782772
0.122227
0.803297
0.234384
0.613519
0.474249
0.275223
0.589106
0.509296
0.16237
0.289104
0.55844
0.145276
0.832753
0.86098
0.446509
0.916869
0.569086
0.765829
0.285015
0.380108
0.239648
0.742716
0.533564
0.456317
0.612639
0.807149
0.766144
0.547345
0.672661
0.51002
0.58097
0.814324
0.693766
0.451113
0.67955
0.453682
0.622452
0.749184
0.626139
0.412032
0.87494
0.705667
0.658413
0.75206
0.342953
0.364915
1.1212
0.963951
0.887461
0
0.334829
0.611628
0.817838
0.712383
0.289442
0.893402
1.04365
0.449665
0.439169
0.537976
0.440683
0.955446
0.407952
0.799601
0.361483
0.209716
0.338078
0.729126
0.496538
0.542529
0.475084
0.741357
0.723887
0.624508
0.578186
0.510774
0.374295
0.252732
0.398719
1.15445
0.732618
0.0946022
0.533358
0.597069
0.711876
0.785468
0.259728
0.97373
0.465348
0.260825
0.541099
0.702186
0.55397
0.719497
0.772572
0.932192
0.561636
0.787779
0.34468
0.671064
0.920264
0.467044
0.93398
0.497247
0.497464
0.644234
0.417339
0.602528
0.998553
0.880367
0.823559
0.913203
0.515466
0.361212
1.07167
0.635591
0.534995
0.45221
0.881369
0.959368
0.842024
0.499225
0.975808
0.441707
0.391395
0.451717
0.679347
0.460286
0.745782
0.491508
0.692293
0.718524
0.917796
0.841477
0.429215
0.533857
0.569991
0.729179
0.293623
0.292551
0.786019
0.497372
0.504148
0.731212
0.287453
0.0393188
1.02779
1.01274
0.722402
0.334829
0
0.609915
0.54325
0.45503
0.333579
0.64516
0.959687
0.389371
0.453474
0.458246
0.272251
0.885976
0.195946
0.856675
0.484833
0.505477
0.664922
0.439171
0.184026
0.610773
0.437658
0.733213
0.76719
0.417071
0.553959
0.677534
0.636888
0.300749
0.241774
1.10908
0.722371
0.402574
0.478383
0.463262
0.723588
0.793149
0.323298
0.679304
0.627196
0.325132
0.676755
0.509241
0.22523
0.745226
0.787586
0.9295
0.763483
0.767198
0.385437
0.53215
0.774522
0.201818
0.842687
0.610293
0.256578
0.459972
0.508267
0.304288
0.853567
0.761778
0.880191
0.743718
0.634463
0.586837
1.01456
0.684714
0.610735
0.323691
0.636156
0.920547
0.645215
0.545316
0.987751
0.305212
0.355059
0.658068
0.804856
0.436282
0.686941
0.39231
0.367938
0.763024
0.994453
0.5421
0.507752
0.186259
0.800857
0.710979
0.766414
0.885236
0.444769
0.551027
0.455812
0.992948
0.705611
0.606715
0.737439
1.02122
0.725148
0.611628
0.609915
0
0.874537
0.648193
0.740357
0.861262
0.647723
0.963043
0.748514
0.287257
0.876705
1.22605
0.79433
0.968743
0.886447
0.70532
0.715067
0.599518
0.719648
0.129548
0.384136
0.689344
0.398391
0.85573
0.408147
0.360155
0.500256
0.39862
0.714099
0.748205
0.757828
0.578462
0.649375
0.826538
0.183178
0.775365
0.815002
0.89991
0.29896
0.389545
0.440001
1.05149
0.644918
0.166111
0.833506
1.01241
0.66413
0.26212
0.657103
0.325153
0.813657
0.807625
0.811679
0.542349
0.606938
0.6414
0.48841
0.699969
0.862905
0.895265
0.725607
0.651077
0.220369
0.434965
0.723314
0.194423
0.425069
0.364451
0.846188
0.839026
0.572271
0.123129
0.710646
0.47334
0.277966
0.49569
0.916477
0.264727
1.05121
0.731604
0.7097
0.164313
0.954811
0.821591
0.243465
0.896794
0.501269
0.645713
0.35485
0.662551
0.743934
0.358008
0.465707
0.626211
0.52908
0.539115
0.849565
0.919455
0.433021
0.817838
0.54325
0.874537
0
0.235218
0.631442
0.163778
0.825084
0.690175
0.581712
0.61192
0.624327
0.667785
0.520566
0.81658
0.770594
0.905271
1.09232
0.515906
0.532636
0.929401
0.59592
0.67195
0.876348
0.274695
0.638754
0.985188
1.04221
0.687215
0.444597
0.992475
0.643917
0.855776
0.491999
0.367901
1.02506
0.71799
0.727377
0.228559
1.00849
0.798596
0.90016
0.436712
0.426888
1.03253
0.713808
0.771327
0.99169
0.88036
0.605122
0.79412
0.460272
0.51478
0.603086
0.789113
0.333859
0.30049
0.72146
0.245639
0.519003
0.466705
0.875571
0.504514
0.975923
0.964145
0.873442
1.03105
0.781732
0.714364
0.168041
0.742774
0.458448
0.865406
0.928906
0.465861
0.667864
0.959619
0.886151
0.669421
0.571176
0.429686
0.313895
1.01608
0.955573
0.149075
0.811187
0.691986
0.488347
0.551826
0.345635
0.669245
0.534299
0.137591
0.249555
0.666272
0.488113
0.447214
0.694032
0.881626
0.332593
0.712383
0.45503
0.648193
0.235218
0
0.591413
0.236849
0.652324
0.722223
0.545452
0.39531
0.634385
0.788525
0.518553
0.795823
0.757762
0.813079
0.972751
0.370684
0.481687
0.714238
0.412163
0.567698
0.680225
0.362019
0.454549
0.796522
0.880249
0.528192
0.417584
0.826195
0.572759
0.736796
0.410483
0.406367
0.798239
0.637946
0.699343
0.286155
0.812464
0.634419
0.727909
0.576469
0.338518
0.803974
0.659855
0.764174
0.862324
0.653732
0.532345
0.58507
0.411238
0.515314
0.532167
0.6508
0.22822
0.185287
0.57721
0.201942
0.475323
0.476929
0.754799
0.351275
0.76943
0.796978
0.719678
0.811446
0.610587
0.532619
0.22549
0.662418
0.262624
0.652395
0.780494
0.302206
0.471898
0.800496
0.842198
0.465446
0.657862
0.406836
0.249242
0.788205
0.89137
0.195187
0.61441
0.628093
0.38305
0.596311
0.540639
0.346973
0.855683
0.610198
0.590743
0.487587
0.10525
0.372425
1.04895
0.784558
0.739279
0.289442
0.333579
0.740357
0.631442
0.591413
0
0.710594
0.986811
0.320057
0.194208
0.550154
0.372217
0.669411
0.291929
0.596328
0.17594
0.302058
0.512785
0.736036
0.488636
0.699214
0.44639
0.601442
0.739957
0.38803
0.535907
0.638617
0.568326
0.34734
0.195572
1.10531
0.558261
0.319625
0.349197
0.339016
0.884226
0.627144
0.193646
0.827922
0.66139
0.467092
0.584239
0.465484
0.521138
0.883937
0.589228
0.717415
0.56584
0.844124
0.156447
0.792852
0.742301
0.387466
0.76723
0.457679
0.372151
0.484623
0.38684
0.474608
0.822781
0.660329
0.728248
0.807145
0.685559
0.526859
0.997691
0.828129
0.532578
0.585409
0.700212
0.804883
0.761965
0.645767
0.906468
0.369206
0.471098
0.53921
0.515618
0.5051
0.458938
0.250907
0.615326
0.857563
0.769173
0.700444
0.53846
0.908619
0.500354
0.573744
0.488635
0.798111
0.649405
0.311265
0.417332
0.627425
0.607071
0.642351
0.711838
0.851474
0.298616
0.893402
0.64516
0.861262
0.163778
0.236849
0.710594
0
0.698511
0.822174
0.62296
0.593593
0.763765
0.68219
0.649993
0.784779
0.853508
0.963496
1.13883
0.571494
0.658546
0.925158
0.584202
0.600886
0.81367
0.380978
0.596845
0.975573
1.06613
0.728051
0.538301
0.862842
0.584947
0.916337
0.488615
0.422366
1.01849
0.648068
0.834374
0.209818
1.01892
0.8546
0.875686
0.574659
0.532556
1.01816
0.658334
0.705713
0.979348
0.818985
0.64933
0.815537
0.327159
0.653611
0.481306
0.772156
0.403327
0.280658
0.718877
0.354644
0.37362
0.377547
0.799933
0.376679
0.97495
0.98151
0.743498
1.03496
0.751886
0.76805
0.016889
0.631202
0.365219
0.866561
0.822078
0.490153
0.687766
0.95839
0.878153
0.665176
0.611262
0.479848
0.412841
0.987659
0.890538
0.212346
0.811235
0.775136
0.757036
0.51298
0.978005
1.21377
0.21342
0.524877
0.46309
0.903628
0.915797
0.961483
0.0908823
0.772567
0.415848
1.04365
0.959687
0.647723
0.825084
0.652324
0.986811
0.698511
0
1.24962
0.863301
0.53353
1.19703
1.08993
1.07344
0.842819
1.12989
1.0622
1.1307
0.854197
1.05668
0.717574
0.571866
0.501685
0.424595
0.907617
0.471516
0.746313
0.955943
0.800396
0.911601
0.181835
0.590615
1.00577
0.670257
0.845484
0.781912
0.567674
1.14817
0.791723
0.843855
0.919637
0.651908
1.15203
0.920056
0.743332
0.658901
0.755683
0.825624
0.409195
0.844353
0.808205
0.473902
1.10019
0.424477
0.672042
0.765501
0.609444
0.682239
0.832479
0.455941
0.626951
0.527321
0.327452
0.764153
0.869068
0.134749
0.829203
0.572376
0.869439
0.685187
0.446056
0.414006
0.70667
0.333827
0.668408
0.697306
0.801729
0.913965
0.602203
1.01138
0.814533
0.871628
0.654155
0.745467
0.801431
0.680033
0.849603
0.624799
0.882839
0.512658
0.134566
1.10781
0.791989
0.810839
0.687414
0.347236
0.414394
1.30801
1.06088
0.949321
0.449665
0.389371
0.963043
0.690175
0.722223
0.320057
0.822174
1.24962
0
0.477664
0.790439
0.175844
0.76895
0.221286
0.860353
0.322975
0.525712
0.718399
0.786218
0.434349
0.933675
0.717483
0.894354
1.0386
0.45676
0.820012
0.91905
0.812479
0.581486
0.340243
1.38648
0.841769
0.527
0.621522
0.498431
1.08058
0.918186
0.197231
0.889033
0.897235
0.625243
0.891799
0.362518
0.54066
1.09655
0.871793
0.968514
0.875461
1.10404
0.469899
0.91832
0.9564
0.280875
1.01741
0.776167
0.515919
0.678003
0.698585
0.538656
1.03707
0.868996
1.03989
1.01881
0.929377
0.788341
1.27513
1.02439
0.839913
0.699689
0.817347
1.08039
0.951514
0.875204
1.20956
0.594211
0.693083
0.834803
0.793256
0.756365
0.581203
0.47085
0.642065
1.09997
1.06283
0.755487
0.800292
0.666649
0.200283
0.422089
0.603165
0.515375
0.76584
0.544882
0.519893
0.315783
0.175766
0.487886
0.916608
0.598129
0.608786
0.439169
0.453474
0.748514
0.581712
0.545452
0.194208
0.62296
0.863301
0.477664
0
0.51687
0.530157
0.536972
0.42541
0.415089
0.285537
0.398485
0.591377
0.779021
0.606027
0.717001
0.39106
0.431638
0.651322
0.352979
0.445079
0.627958
0.615627
0.403915
0.250712
0.971795
0.374209
0.436187
0.199459
0.237339
0.91449
0.445319
0.386018
0.778994
0.699051
0.569382
0.52354
0.493643
0.591745
0.902756
0.399714
0.523832
0.494938
0.790138
0.107894
0.843548
0.589992
0.515042
0.59707
0.3628
0.371163
0.39213
0.318494
0.486187
0.666925
0.489835
0.569863
0.696014
0.705873
0.557599
0.856116
0.87037
0.451912
0.668085
0.611359
0.625423
0.683065
0.66705
0.757666
0.34564
0.495666
0.517916
0.371525
0.489301
0.337459
0.152733
0.645007
0.851701
0.592596
0.670176
0.540233
0.330983
0.533812
0.473693
0.576458
0.731466
0.345547
0.293783
0.190319
0.732804
0.488645
0.461414
0.614116
0.812959
0.469012
0.537976
0.458246
0.287257
0.61192
0.39531
0.550154
0.593593
0.53353
0.790439
0.51687
0
0.718763
0.95225
0.609938
0.745418
0.71302
0.617523
0.706585
0.49345
0.581735
0.333471
0.136669
0.461831
0.347976
0.591041
0.183034
0.419711
0.547852
0.285733
0.486268
0.670356
0.515363
0.518285
0.383844
0.555019
0.464745
0.551137
0.668101
0.668356
0.441412
0.39382
0.387563
0.807936
0.481177
0.45268
0.600843
0.770108
0.583374
0.322899
0.4457
0.413714
0.549252
0.635285
0.566661
0.393081
0.358237
0.356283
0.321635
0.464899
0.609243
0.617416
0.56526
0.431161
0.385469
0.459494
0.596349
0.464643
0.296019
0.365907
0.577757
0.620391
0.359814
0.27958
0.588229
0.215829
0.167994
0.470217
0.727253
0.0970959
0.786266
0.471852
0.517336
0.412167
0.770305
0.585119
0.240745
0.780104
0.662334
0.894999
0.373365
0.0569603
1.03923
0.711872
0.739754
0.765775
0.364183
0.284502
1.25802
1.12376
0.905012
0.440683
0.272251
0.876705
0.624327
0.634385
0.372217
0.763765
1.19703
0.175844
0.530157
0.718763
0
0.858551
0.129118
0.937573
0.44324
0.577869
0.758274
0.634036
0.267657
0.86423
0.673953
0.905405
1.00758
0.444166
0.785095
0.896897
0.808282
0.530855
0.321311
1.34593
0.867609
0.528527
0.627503
0.518477
0.982142
0.945458
0.258056
0.795166
0.850636
0.545586
0.886836
0.388543
0.393785
1.00599
0.914619
1.02604
0.91631
1.03358
0.499964
0.783353
0.933259
0.13017
1.01014
0.791287
0.440858
0.63185
0.699727
0.439316
1.01365
0.877721
1.06034
0.954663
0.874525
0.776997
1.24043
0.934364
0.827354
0.573756
0.759195
1.08904
0.867402
0.802003
1.20097
0.534973
0.61759
0.843008
0.880823
0.69372
0.668551
0.485073
0.508518
1.02531
1.12138
0.658011
0.751582
1.18193
0.427847
0.638402
0.878675
0.85403
1.08174
0.828609
0.85769
0.266677
0.638375
0.911702
1.10071
0.612908
0.745648
0.955446
0.885976
1.22605
0.667785
0.788525
0.669411
0.68219
1.08993
0.76895
0.536972
0.95225
0.858551
0
0.774002
0.480149
0.668589
0.89693
1.08703
1.11502
0.966986
1.21877
0.842493
0.670177
1.04484
0.515919
0.850924
1.12503
1.13846
0.925689
0.645917
1.18384
0.57171
0.964506
0.577485
0.440214
1.40355
0.62548
0.804344
0.864788
1.2225
1.09007
0.98229
0.545897
0.938674
1.38879
0.54458
0.466117
0.914953
1.19672
0.643648
1.28965
0.653958
0.84299
0.677299
0.809497
0.729715
0.654961
0.8054
0.761599
0.697009
0.473398
0.814819
0.887582
1.21718
1.08069
1.05014
1.37637
0.896743
1.14156
0.68073
0.715601
0.930704
1.1683
0.984197
0.781518
0.987518
1.00819
0.590384
0.96307
0.210725
0.5259
0.914538
1.32576
0.697008
0.814225
1.04416
0.710294
0.544383
0.770663
0.307434
0.152295
0.92205
0.591492
0.618806
0.663962
0.25582
0.215551
1.13281
1.01165
0.777811
0.407952
0.195946
0.79433
0.520566
0.518553
0.291929
0.649993
1.07344
0.221286
0.42541
0.609938
0.129118
0.774002
0
0.833218
0.403718
0.535994
0.72696
0.568761
0.242569
0.787966
0.559647
0.781883
0.897444
0.332896
0.667251
0.816063
0.754174
0.446238
0.196951
1.22228
0.745708
0.484542
0.503702
0.401217
0.91623
0.824244
0.249945
0.699008
0.787314
0.496389
0.790169
0.340577
0.322918
0.934758
0.797035
0.911248
0.829726
0.929853
0.396645
0.722626
0.80547
0.0988809
0.881474
0.687635
0.316837
0.503851
0.595746
0.330843
0.88613
0.753491
0.942876
0.830515
0.801951
0.710781
1.11455
0.874107
0.72034
0.518776
0.644131
0.962228
0.749111
0.723657
1.07836
0.415414
0.525896
0.762325
0.789119
0.591657
0.579748
0.363482
0.427695
0.943035
1.01049
0.560818
0.663487
0.918539
0.331709
0.342588
0.967738
0.921221
0.842643
0.7571
0.715318
0.25859
0.589892
0.88816
0.869652
0.213089
0.66593
0.799601
0.856675
0.968743
0.81658
0.795823
0.596328
0.784779
0.842819
0.860353
0.415089
0.745418
0.937573
0.480149
0.833218
0
0.608099
0.678951
0.805532
1.10696
1.00654
0.934268
0.618034
0.35263
0.690735
0.653725
0.584913
0.773219
0.821037
0.732875
0.650473
0.887026
0.271834
0.760779
0.417252
0.506986
1.14463
0.275392
0.779024
0.987142
0.917593
0.912532
0.609524
0.797743
0.962646
1.11192
0.186655
0.200114
0.501992
0.905183
0.486983
1.14612
0.5869
0.920002
0.50504
0.45376
0.712185
0.611105
0.506245
0.818779
0.628806
0.449429
0.397923
0.77553
0.911283
0.765518
0.772601
1.11111
0.557554
1.01482
0.773589
0.443879
0.837079
0.904422
0.620469
0.655499
0.789758
0.645967
0.18923
0.732952
0.42284
0.495189
0.975938
1.01943
0.244112
0.923226
0.763925
0.755619
0.471873
0.697263
0.687224
0.401111
1.01045
0.77911
0.757793
0.509731
0.271329
0.523469
1.18969
0.812713
0.884439
0.361483
0.484833
0.886447
0.770594
0.757762
0.17594
0.853508
1.12989
0.322975
0.285537
0.71302
0.44324
0.668589
0.403718
0.608099
0
0.296579
0.500215
0.904358
0.624033
0.828727
0.600887
0.702274
0.861473
0.505554
0.679156
0.731509
0.623605
0.492827
0.352115
1.23509
0.645878
0.38399
0.478929
0.447744
1.02338
0.707946
0.218675
0.979993
0.762139
0.593775
0.676969
0.519389
0.68007
1.02087
0.652797
0.758984
0.597595
0.990763
0.286949
0.954221
0.870932
0.500374
0.882074
0.545896
0.542548
0.641116
0.498971
0.634345
0.948926
0.762351
0.806185
0.963609
0.800178
0.60306
1.1268
0.957752
0.6465
0.739133
0.844211
0.901518
0.929204
0.782217
1.01111
0.541465
0.628308
0.60581
0.499935
0.659783
0.470578
0.3842
0.776342
0.99061
0.799445
0.854468
0.668857
0.543981
0.587562
0.701991
0.779702
0.539186
0.921437
0.792036
0.7313
0.677819
0.386235
0.540914
1.13592
0.846277
0.922259
0.209716
0.505477
0.70532
0.905271
0.813079
0.302058
0.963496
1.0622
0.525712
0.398485
0.617523
0.577869
0.89693
0.535994
0.678951
0.296579
0
0.213267
0.900395
0.677351
0.616482
0.520083
0.691474
0.71159
0.682552
0.595236
0.492537
0.338828
0.361267
0.475905
1.14862
0.673034
0.159762
0.526129
0.61359
0.819601
0.714465
0.3347
1.0799
0.509897
0.428953
0.489247
0.761512
0.721417
0.811914
0.689184
0.840769
0.422982
0.836843
0.325793
0.835053
0.93182
0.616695
0.915488
0.424589
0.602066
0.701101
0.382532
0.724154
1.00674
0.865243
0.740013
0.965718
0.566089
0.340477
1.0641
0.739629
0.506749
0.632089
0.950657
0.910366
0.923118
0.586209
0.928241
0.526195
0.502415
0.373695
0.527587
0.534786
0.698199
0.509166
0.841719
0.780905
0.793117
0.954201
0.47985
0.538368
0.765223
0.821117
0.952314
0.719526
0.987183
0.931852
0.852739
0.854971
0.589494
0.695223
1.2099
0.945077
1.06218
0.338078
0.664922
0.715067
1.09232
0.972751
0.512785
1.13883
1.1307
0.718399
0.591377
0.706585
0.758274
1.08703
0.72696
0.805532
0.500215
0.213267
0
1.02493
0.833246
0.600864
0.627923
0.802478
0.734281
0.885731
0.687164
0.447586
0.236954
0.467524
0.675174
1.19483
0.802418
0.262997
0.690396
0.812799
0.796384
0.826463
0.525557
1.25047
0.451821
0.485776
0.496849
0.97312
0.8759
0.78366
0.81413
0.97324
0.421918
0.857385
0.513986
0.887412
1.0785
0.797721
1.04295
0.498931
0.774854
0.865399
0.48077
0.901276
1.14836
1.02766
0.802157
1.0875
0.527694
0.294281
1.13009
0.704982
0.561619
0.707792
1.12486
1.01696
1.0456
0.592965
0.976542
0.673053
0.585512
0.347881
0.6364
0.612413
0.895772
0.703759
1.00341
0.752529
0.870934
1.12779
0.508071
0.651027
0.799084
0.861316
0.324196
0.678595
0.677964
0.413909
0.467645
0.985781
0.654938
0.405378
0.911439
1.2062
0.664874
0.729126
0.439171
0.599518
0.515906
0.370684
0.736036
0.571494
0.854197
0.786218
0.779021
0.49345
0.634036
1.11502
0.568761
1.10696
0.904358
0.900395
1.02493
0
0.374153
0.683606
0.575316
0.866592
0.830561
0.616029
0.650898
0.858949
0.911719
0.573027
0.580307
1.02822
0.888197
0.77296
0.691025
0.695437
0.675862
0.948512
0.761019
0.481765
0.793796
0.565212
0.866255
0.753371
0.246702
0.710601
0.977159
1.10849
1.03619
0.709941
0.724195
0.357017
0.765255
0.513427
0.871449
0.844602
0.416696
0.522045
0.750832
0.359791
0.821725
0.844002
1.02249
0.617738
0.756124
0.844429
0.955663
0.697877
0.778696
0.364603
0.565955
0.98739
0.47718
0.623765
1.02745
0.471643
0.4923
0.910172
1.10804
0.542121
0.957091
0.66334
0.226563
0.75676
1.19458
0.398939
0.660624
0.668365
0.698343
0.868825
0.193987
0.313894
0.88213
0.558181
0.59667
0.851753
0.436443
0.154186
1.11949
1.16139
0.79516
0.496538
0.184026
0.719648
0.532636
0.481687
0.488636
0.658546
1.05668
0.434349
0.606027
0.581735
0.267657
0.966986
0.242569
1.00654
0.624033
0.677351
0.833246
0.374153
0
0.741526
0.587317
0.876836
0.915164
0.465712
0.698497
0.843552
0.806055
0.472983
0.363451
1.21893
0.8643
0.573431
0.620594
0.55816
0.811925
0.938638
0.441965
0.639669
0.775672
0.460192
0.849325
0.509567
0.158404
0.844111
0.933392
1.06155
0.946404
0.880888
0.554047
0.556777
0.85543
0.165569
0.94857
0.786181
0.343403
0.545438
0.68401
0.307343
0.930902
0.854112
1.03785
0.809296
0.777878
0.758889
1.12504
0.785325
0.77719
0.384424
0.653403
1.04594
0.695759
0.675734
1.12725
0.441806
0.496516
0.837517
0.970435
0.579312
0.782208
0.518251
0.2995
0.880888
1.15281
0.505668
0.663759
0.0955045
0.792996
0.712429
0.809713
0.864472
0.527102
0.621577
0.519851
0.974897
0.682226
0.614256
0.808278
0.995992
0.787164
0.542529
0.610773
0.129548
0.929401
0.714238
0.699214
0.925158
0.717574
0.933675
0.717001
0.333471
0.86423
1.21877
0.787966
0.934268
0.828727
0.616482
0.600864
0.683606
0.741526
0
0.38948
0.687826
0.393331
0.8724
0.419563
0.252051
0.377944
0.359361
0.707599
0.801783
0.751163
0.495765
0.644949
0.83054
0.227517
0.766109
0.768644
0.981628
0.170644
0.344631
0.368637
1.05747
0.689244
0.201627
0.817189
1.0015
0.57704
0.331667
0.619887
0.415061
0.862555
0.812523
0.846298
0.487599
0.635194
0.681199
0.440022
0.743536
0.916001
0.921949
0.70437
0.730867
0.0916604
0.320225
0.774386
0.178995
0.385541
0.395044
0.909608
0.856333
0.662439
0.0683862
0.722309
0.491028
0.279916
0.395069
0.859211
0.27375
1.03732
0.725949
0.773242
0.177089
0.92093
0.892722
0.179616
0.372107
0.416813
0.378302
0.58428
0.679037
0.417217
0.325672
0.228766
0.6109
0.391047
0.451974
0.6472
0.702375
0.460225
0.475084
0.437658
0.384136
0.59592
0.412163
0.44639
0.584202
0.571866
0.717483
0.39106
0.136669
0.673953
0.842493
0.559647
0.618034
0.600887
0.520083
0.627923
0.575316
0.587317
0.38948
0
0.36692
0.341751
0.523284
0.118683
0.392717
0.499621
0.240747
0.408602
0.695689
0.406764
0.448122
0.265419
0.460833
0.563909
0.448593
0.588432
0.694636
0.450583
0.400237
0.319583
0.738839
0.505634
0.546608
0.48638
0.66092
0.478466
0.407954
0.323457
0.530477
0.513074
0.604762
0.515178
0.275852
0.325683
0.313637
0.198498
0.456924
0.580354
0.543084
0.480071
0.463254
0.412979
0.409736
0.606452
0.545031
0.212763
0.433071
0.567971
0.555009
0.420532
0.338398
0.55644
0.163439
0.197128
0.39388
0.592856
0.126237
0.672384
0.368084
0.549893
0.490909
0.660667
0.6028
0.238482
0.695359
0.319404
0.0373482
0.822789
0.904638
0.491085
0.482608
0.416122
0.436859
0.553639
0.754314
0.541211
0.359947
0.387891
0.741357
0.733213
0.689344
0.67195
0.567698
0.601442
0.600886
0.501685
0.894354
0.431638
0.461831
0.905405
0.670177
0.781883
0.35263
0.702274
0.691474
0.802478
0.866592
0.876836
0.687826
0.36692
0
0.395117
0.601311
0.287817
0.588238
0.718213
0.570087
0.587138
0.57248
0.101302
0.699721
0.279852
0.478726
0.869607
0.0934279
0.791123
0.782908
0.727606
0.748246
0.42238
0.821823
0.789159
0.834429
0.171473
0.329794
0.469659
0.579546
0.448848
0.874373
0.352987
0.846602
0.255106
0.31183
0.546781
0.399798
0.348424
0.658623
0.396777
0.332876
0.205446
0.459435
0.690505
0.637115
0.453915
0.85939
0.325902
0.797725
0.585787
0.220563
0.525868
0.658499
0.343541
0.449117
0.562692
0.529994
0.422316
0.478194
0.572207
0.440723
0.78449
0.73852
0.338472
0.732015
0.540139
0.447332
0.638128
0.42781
0.911711
1.00754
0.327152
0.553459
0.43434
0.795478
0.706196
0.779578
0.506761
0.681634
0.575821
0.723887
0.76719
0.398391
0.876348
0.680225
0.739957
0.81367
0.424595
1.0386
0.651322
0.347976
1.00758
1.04484
0.897444
0.690735
0.861473
0.71159
0.734281
0.830561
0.915164
0.393331
0.341751
0.395117
0
0.836666
0.250506
0.331758
0.548814
0.509437
0.740952
0.468186
0.48676
0.661727
0.516798
0.748641
0.549986
0.46647
0.887958
0.930751
0.464864
0.624205
0.244439
1.06197
0.824975
0.498867
0.544236
0.71155
0.450072
0.249782
0.598141
0.680484
0.619959
0.944369
0.545836
0.337719
0.659055
0.583278
0.362615
0.779879
0.653239
0.685832
0.355852
0.538518
0.400052
0.468804
0.428772
0.550412
0.216014
0.668518
0.796878
0.512234
0.55277
0.397536
0.330589
0.502452
0.442707
0.392933
0.67137
0.342723
0.909323
0.666913
0.852818
0.379958
0.605054
0.873785
0.332925
0.821724
0.332648
0.576971
0.36516
0.465003
0.810718
0.448398
0.505892
0.441822
0.297597
0.431831
0.946142
0.807114
0.53761
0.624508
0.417071
0.85573
0.274695
0.362019
0.38803
0.380978
0.907617
0.45676
0.352979
0.591041
0.444166
0.515919
0.332896
0.653725
0.505554
0.682552
0.885731
0.616029
0.465712
0.8724
0.523284
0.601311
0.836666
0
0.58786
0.874976
0.884588
0.558051
0.22599
1.05651
0.547586
0.664771
0.352043
0.147561
1.01435
0.63128
0.491203
0.499174
0.906056
0.686018
0.786765
0.244515
0.425263
1.0183
0.599092
0.670256
0.824714
0.897602
0.392869
0.827161
0.534279
0.374023
0.629262
0.648587
0.259116
0.3019
0.580531
0.256333
0.610373
0.459399
0.795661
0.631972
0.895332
0.81784
0.931837
0.993695
0.68362
0.677974
0.376664
0.730629
0.594235
0.808469
0.918125
0.385642
0.597808
0.810929
0.686784
0.610956
0.358361
0.215868
0.411882
0.994171
0.836542
0.388356
0.723381
0.42722
0.429158
0.305566
0.678174
0.789835
0.339967
0.344742
0.232975
0.613765
0.481875
0.567653
0.546465
0.635077
0.414183
0.578186
0.553959
0.408147
0.638754
0.454549
0.535907
0.596845
0.471516
0.820012
0.445079
0.183034
0.785095
0.850924
0.667251
0.584913
0.679156
0.595236
0.687164
0.650898
0.698497
0.419563
0.118683
0.287817
0.250506
0.58786
0
0.397435
0.546055
0.349709
0.502994
0.584257
0.351757
0.539954
0.289989
0.509457
0.590861
0.376168
0.692205
0.721761
0.491134
0.504091
0.291097
0.815291
0.605572
0.562445
0.433005
0.607002
0.461923
0.355135
0.395736
0.594858
0.461719
0.714199
0.436453
0.260174
0.413909
0.342294
0.225742
0.537661
0.519231
0.507957
0.384161
0.412022
0.441531
0.454605
0.494529
0.582733
0.170642
0.531844
0.580009
0.460399
0.401828
0.382484
0.438481
0.263899
0.295187
0.404427
0.57938
0.198647
0.700273
0.429416
0.629052
0.483949
0.589052
0.648439
0.284516
0.263175
0.713328
0.618349
0.909557
0.88368
0.601206
0.70142
0.589146
0.863934
0.646293
0.695043
0.832025
0.832391
0.810337
0.510774
0.677534
0.360155
0.985188
0.796522
0.638617
0.975573
0.746313
0.91905
0.627958
0.419711
0.896897
1.12503
0.816063
0.773219
0.731509
0.492537
0.447586
0.858949
0.843552
0.252051
0.392717
0.588238
0.331758
0.874976
0.397435
0
0.229796
0.377559
0.70372
0.796573
0.644063
0.430818
0.586045
0.79584
0.467598
0.645237
0.735353
1.07867
0.184291
0.433513
0.175516
1.05545
0.806736
0.427506
0.686489
0.870197
0.343524
0.43375
0.540875
0.648392
0.853704
0.868092
0.800872
0.325974
0.68461
0.704327
0.322966
0.818019
0.907512
0.874774
0.556102
0.788922
0.181113
0.168677
0.759503
0.407743
0.265986
0.570299
0.95915
0.771256
0.757836
0.272972
0.634291
0.52582
0.375874
0.166901
0.67215
0.339202
0.950624
0.685953
0.893116
0.346434
0.743032
0.985572
0.199527
0.331547
0.75607
0.742871
0.911417
0.783649
0.801458
0.814117
0.718524
0.887018
0.609575
0.659575
1.04058
0.924732
0.951681
0.374295
0.636888
0.500256
1.04221
0.880249
0.568326
1.06613
0.955943
0.812479
0.615627
0.547852
0.808282
1.13846
0.754174
0.821037
0.623605
0.338828
0.236954
0.911719
0.806055
0.377944
0.499621
0.718213
0.548814
0.884588
0.546055
0.229796
0
0.369636
0.679974
1.01697
0.746975
0.286753
0.64511
0.814003
0.576714
0.762565
0.616702
1.16566
0.222854
0.379789
0.337779
1.02053
0.813425
0.556791
0.777834
0.956296
0.375897
0.643025
0.521155
0.718168
0.987173
0.811564
0.947983
0.411828
0.717026
0.788139
0.389644
0.848044
1.0513
0.975867
0.706028
0.949257
0.29713
0.0918761
0.968129
0.488772
0.417661
0.581103
1.0508
0.924387
0.903436
0.383472
0.832621
0.583335
0.438767
0.208214
0.680566
0.4517
0.947877
0.698225
0.930175
0.519098
0.840369
1.05357
0.316676
0.286956
0.526405
0.580717
0.548719
0.526436
0.624276
0.48866
0.422867
0.702117
0.330778
0.320791
0.879945
0.860023
0.676637
0.252732
0.300749
0.39862
0.687215
0.528192
0.34734
0.728051
0.800396
0.581486
0.403915
0.285733
0.530855
0.925689
0.446238
0.732875
0.492827
0.361267
0.467524
0.573027
0.472983
0.359361
0.240747
0.570087
0.509437
0.558051
0.349709
0.377559
0.369636
0
0.362371
0.919457
0.586981
0.240191
0.39358
0.522661
0.537006
0.63578
0.423002
0.808687
0.355302
0.184587
0.387928
0.715365
0.453464
0.537442
0.649457
0.823766
0.503135
0.548692
0.29917
0.493296
0.727577
0.491419
0.741816
0.363582
0.355811
0.464791
0.264203
0.480763
0.801313
0.728385
0.663348
0.681207
0.361806
0.301624
0.84025
0.48349
0.34635
0.31233
0.71392
0.777305
0.608495
0.301866
0.772119
0.239542
0.146505
0.36864
0.653664
0.209402
0.726808
0.411731
0.562385
0.521924
0.811932
0.69012
0.221804
0.643203
0.35348
0.574972
0.362772
0.32729
0.778329
0.465183
0.478497
0.495807
0.100861
0.271097
0.968343
0.819974
0.616468
0.398719
0.241774
0.714099
0.444597
0.417584
0.195572
0.538301
0.911601
0.340243
0.250712
0.486268
0.321311
0.645917
0.196951
0.650473
0.352115
0.475905
0.675174
0.580307
0.363451
0.707599
0.408602
0.587138
0.740952
0.22599
0.502994
0.70372
0.679974
0.362371
0
1.05245
0.548806
0.443051
0.307813
0.234129
0.863427
0.627691
0.297861
0.638176
0.715615
0.482077
0.644004
0.355177
0.361966
0.869166
0.601693
0.721009
0.681868
0.804877
0.232645
0.70885
0.633098
0.273072
0.694603
0.521906
0.201604
0.34381
0.437192
0.282844
0.71486
0.573654
0.75268
0.682533
0.719197
0.62138
0.939649
0.826173
0.561152
0.521612
0.529197
0.768
0.624001
0.644636
0.893434
0.273506
0.437984
0.638352
0.622027
0.47348
0.445529
0.170242
0.431186
0.851923
0.819532
0.507952
0.557414
0.869384
0.865338
0.589317
1.14923
1.35803
0.360471
0.697527
0.625907
0.991441
1.04429
1.11394
0.175638
0.779402
0.570027
1.15445
1.10908
0.748205
0.992475
0.826195
1.10531
0.862842
0.181835
1.38648
0.971795
0.670356
1.34593
1.18384
1.22228
0.887026
1.23509
1.14862
1.19483
1.02822
1.21893
0.801783
0.695689
0.57248
0.468186
1.05651
0.584257
0.796573
1.01697
0.919457
1.05245
0
0.664948
1.10506
0.788288
0.978691
0.869274
0.620588
1.273
0.967388
0.913764
1.03946
0.699443
1.30008
1.0883
0.821442
0.714893
0.797906
0.854021
0.490621
0.955278
0.949658
0.603029
1.25643
0.515646
0.73749
0.922738
0.764611
0.769868
1.00039
0.574861
0.736118
0.533696
0.501599
0.835659
0.936355
0.13562
0.914378
0.644215
1.01186
0.849612
0.485234
0.59487
0.80394
0.29374
0.812618
0.824717
0.851319
0.957557
0.723821
1.11785
0.944308
1.04801
0.717341
0.742179
0.978214
0.773551
0.747713
0.240569
0.0783597
0.8066
0.864829
0.57913
0.509422
0.460387
0.336687
0.512862
0.746205
0.624216
0.318093
0.413569
0.732618
0.722371
0.757828
0.643917
0.572759
0.558261
0.584947
0.590615
0.841769
0.374209
0.515363
0.867609
0.57171
0.745708
0.271834
0.645878
0.673034
0.802418
0.888197
0.8643
0.751163
0.406764
0.101302
0.48676
0.547586
0.351757
0.644063
0.746975
0.586981
0.548806
0.664948
0
0.697243
0.246545
0.414699
0.939604
0.0839452
0.751402
0.778275
0.778737
0.770346
0.478413
0.75536
0.786451
0.908035
0.0943881
0.256243
0.487492
0.669433
0.413792
0.924253
0.357827
0.81589
0.277639
0.338798
0.534952
0.393015
0.369821
0.642881
0.407947
0.284691
0.268785
0.509288
0.750211
0.669921
0.542088
0.923484
0.384978
0.827777
0.571023
0.256214
0.572192
0.717051
0.434671
0.459376
0.599722
0.564705
0.362542
0.527079
0.477323
0.389449
0.781945
0.817807
0.319791
0.72272
0.591573
0.412807
0.615133
0.711493
0.690985
0.49991
0.842394
0.71327
0.651665
0.74395
0.374882
0.432545
1.08473
0.915291
0.879599
0.0946022
0.402574
0.578462
0.855776
0.736796
0.319625
0.916337
1.00577
0.527
0.436187
0.518285
0.528527
0.964506
0.484542
0.760779
0.38399
0.159762
0.262997
0.77296
0.573431
0.495765
0.448122
0.699721
0.661727
0.664771
0.539954
0.430818
0.286753
0.240191
0.443051
1.10506
0.697243
0
0.52089
0.618322
0.682505
0.74219
0.331885
1.00865
0.402088
0.270761
0.46356
0.761877
0.613408
0.682486
0.733384
0.899073
0.476981
0.743089
0.337967
0.684179
0.909774
0.548123
0.907985
0.43183
0.53076
0.65334
0.362152
0.649038
0.985576
0.8718
0.761829
0.902914
0.456624
0.275273
1.02692
0.602772
0.472628
0.48007
0.903211
0.919613
0.84113
0.459908
0.916994
0.447751
0.378416
0.362712
0.630876
0.432104
0.758427
0.506805
0.744057
0.669052
0.860298
0.881138
0.376996
0.61566
0.151818
0.267554
0.57811
0.628245
0.58208
0.378726
0.345815
0.350057
0.282187
0.502942
0.721456
0.543732
0.417497
0.533358
0.478383
0.649375
0.491999
0.410483
0.349197
0.488615
0.670257
0.621522
0.199459
0.383844
0.627503
0.577485
0.503702
0.417252
0.478929
0.526129
0.690396
0.691025
0.620594
0.644949
0.265419
0.279852
0.516798
0.352043
0.289989
0.586045
0.64511
0.39358
0.307813
0.788288
0.246545
0.52089
0
0.236796
0.827955
0.323233
0.534257
0.654839
0.671139
0.574153
0.462065
0.566464
0.555309
0.81144
0.313478
0.459057
0.505812
0.642339
0.21489
0.755223
0.409827
0.571738
0.419475
0.314776
0.304159
0.234114
0.271315
0.42558
0.487106
0.351074
0.455658
0.500238
0.652285
0.567007
0.669408
0.803489
0.35578
0.62436
0.474314
0.46747
0.500021
0.5946
0.600564
0.245007
0.425673
0.513755
0.433081
0.387289
0.412573
0.166895
0.573706
0.750639
0.538448
0.56395
0.475486
0.785698
0.18743
0.454191
0.483387
0.525696
0.763216
0.451526
0.479947
0.308342
0.257183
0.486231
0.884476
0.664478
0.4976
0.597069
0.463262
0.826538
0.367901
0.406367
0.339016
0.422366
0.845484
0.498431
0.237339
0.555019
0.518477
0.440214
0.401217
0.506986
0.447744
0.61359
0.812799
0.695437
0.55816
0.83054
0.460833
0.478726
0.748641
0.147561
0.509457
0.79584
0.814003
0.522661
0.234129
0.978691
0.414699
0.618322
0.236796
0
0.995968
0.498498
0.48979
0.581915
0.853322
0.677497
0.687959
0.343132
0.514767
0.990911
0.458289
0.534788
0.704225
0.846335
0.301861
0.855007
0.474414
0.466171
0.53812
0.535434
0.292042
0.276583
0.482593
0.350109
0.552211
0.371028
0.66689
0.604774
0.843315
0.745863
0.851683
0.970902
0.587059
0.703915
0.414232
0.618408
0.591676
0.771755
0.810544
0.358085
0.57222
0.715581
0.543614
0.566673
0.264503
0.116286
0.514797
0.949561
0.692193
0.482715
0.666893
0.277087
0.979518
0.892313
0.879455
0.990986
0.5842
0.709759
0.624875
1.17112
0.857208
0.715386
0.870014
1.19553
0.893475
0.711876
0.723588
0.183178
1.02506
0.798239
0.884226
1.01849
0.781912
1.08058
0.91449
0.464745
0.982142
1.40355
0.91623
1.14463
1.02338
0.819601
0.796384
0.675862
0.811925
0.227517
0.563909
0.869607
0.549986
1.01435
0.590861
0.467598
0.576714
0.537006
0.863427
0.869274
0.939604
0.682505
0.827955
0.995968
0
0.95463
0.931438
1.0329
0.355155
0.469689
0.586336
1.19668
0.751113
0.0653952
1.0135
1.19342
0.801489
0.383399
0.817565
0.335227
0.987909
0.918509
0.988247
0.707009
0.75969
0.812677
0.655573
0.839395
1.03411
1.07617
0.8917
0.806746
0.29606
0.534767
0.865302
0.100907
0.593935
0.429275
1.00423
1.0138
0.719452
0.254099
0.861621
0.639413
0.430886
0.619966
1.08138
0.440795
1.22396
0.899719
0.824344
0.193716
1.12365
0.957122
0.396135
0.771288
0.322085
0.0908191
0.883595
0.94137
0.577466
0.563125
0.504583
0.395179
0.587618
0.816777
0.597969
0.26753
0.447938
0.785468
0.793149
0.775365
0.71799
0.637946
0.627144
0.648068
0.567674
0.918186
0.445319
0.551137
0.945458
0.62548
0.824244
0.275392
0.707946
0.714465
0.826463
0.948512
0.938638
0.766109
0.448593
0.0934279
0.46647
0.63128
0.376168
0.645237
0.762565
0.63578
0.627691
0.620588
0.0839452
0.74219
0.323233
0.498498
0.95463
0
0.81996
0.840341
0.792948
0.816776
0.473241
0.838585
0.85824
0.91811
0.0955175
0.246081
0.476962
0.665269
0.479246
0.964154
0.390217
0.894716
0.278263
0.350914
0.609565
0.463302
0.401206
0.71922
0.427046
0.33401
0.198668
0.533366
0.761735
0.686961
0.502865
0.940439
0.391194
0.87852
0.634063
0.210279
0.608452
0.738587
0.372651
0.522333
0.642442
0.568991
0.370575
0.561628
0.5465
0.471014
0.853399
0.819167
0.256614
0.791736
0.614069
0.683314
0.569166
0.787001
0.548265
0.212499
0.998091
0.736466
0.726447
0.658441
0.25928
0.358011
1.21432
0.972933
0.900492
0.259728
0.323298
0.815002
0.727377
0.699343
0.193646
0.834374
1.14817
0.197231
0.386018
0.668101
0.258056
0.804344
0.249945
0.779024
0.218675
0.3347
0.525557
0.761019
0.441965
0.768644
0.588432
0.791123
0.887958
0.491203
0.692205
0.735353
0.616702
0.423002
0.297861
1.273
0.751402
0.331885
0.534257
0.48979
0.931438
0.81996
0
0.917854
0.714614
0.469662
0.720272
0.490262
0.530987
0.942353
0.782447
0.906602
0.703377
0.964174
0.34341
0.818823
0.914009
0.330847
0.951664
0.620069
0.472553
0.631995
0.542837
0.542611
0.995607
0.838201
0.912409
0.957692
0.753656
0.59681
1.17045
0.866659
0.684455
0.59229
0.825855
0.995853
0.892165
0.715489
1.08539
0.495961
0.553172
0.649299
0.682978
0.616042
0.598136
0.419341
0.653716
0.939575
0.955346
0.781485
0.634168
0.964047
0.687681
0.759892
0.454073
0.839909
0.721066
0.384335
0.504793
0.823622
0.723285
0.664633
0.805897
1.05637
0.449106
0.97373
0.679304
0.89991
0.228559
0.286155
0.827922
0.209818
0.791723
0.889033
0.778994
0.668356
0.795166
0.864788
0.699008
0.987142
0.979993
1.0799
1.25047
0.481765
0.639669
0.981628
0.694636
0.782908
0.930751
0.499174
0.721761
1.07867
1.16566
0.808687
0.638176
0.967388
0.778275
1.00865
0.654839
0.581915
1.0329
0.840341
0.917854
0
1.09122
0.89904
1.00508
0.650874
0.505412
1.04369
0.857248
0.914406
1.13411
0.882132
0.787973
0.780236
0.50971
0.672263
0.663979
0.922356
0.480629
0.426712
0.855843
0.382295
0.543945
0.585946
0.976014
0.468751
1.04418
1.08294
0.863845
1.06014
0.884466
0.765734
0.218653
0.816116
0.410846
0.921422
0.972946
0.586141
0.750514
1.08425
1.06715
0.745988
0.787864
0.628673
0.350848
1.03668
1.0893
0.139634
0.896244
0.14642
0.808082
0.753656
0.87023
0.839917
0.66741
0.731261
0.63025
0.971807
0.670562
0.638361
0.933484
0.996337
0.890467
0.465348
0.627196
0.29896
1.00849
0.812464
0.66139
1.01892
0.843855
0.897235
0.699051
0.441412
0.850636
1.2225
0.787314
0.917593
0.762139
0.509897
0.451821
0.793796
0.775672
0.170644
0.450583
0.727606
0.464864
0.906056
0.491134
0.184291
0.222854
0.355302
0.715615
0.913764
0.778737
0.402088
0.671139
0.853322
0.355155
0.792948
0.714614
1.09122
0
0.326607
0.345996
1.06926
0.754526
0.334429
0.830511
1.01644
0.500791
0.476909
0.597696
0.541815
0.950359
0.824072
0.922721
0.466856
0.690924
0.755459
0.428169
0.810556
1.00899
0.980602
0.72551
0.855335
0.0899761
0.193118
0.881321
0.270202
0.40384
0.463315
1.00331
0.915982
0.794517
0.19718
0.7886
0.547599
0.345676
0.30568
0.811008
0.356179
1.03351
0.740288
0.859958
0.311042
0.913571
0.989943
0.213414
0.251512
0.704324
0.760414
0.584654
0.542419
0.723942
0.605133
0.547852
0.876826
0.464771
0.332104
1.00359
1.04053
0.824222
0.260825
0.325132
0.389545
0.798596
0.634419
0.467092
0.8546
0.919637
0.625243
0.569382
0.39382
0.545586
1.09007
0.496389
0.912532
0.593775
0.428953
0.485776
0.565212
0.460192
0.344631
0.400237
0.748246
0.624205
0.686018
0.504091
0.433513
0.379789
0.184587
0.482077
1.03946
0.770346
0.270761
0.574153
0.677497
0.469689
0.816776
0.469662
0.89904
0.326607
0
0.50848
0.812497
0.471459
0.488479
0.833173
1.00827
0.631441
0.609372
0.463832
0.421858
0.888715
0.516706
0.911656
0.526191
0.471658
0.613651
0.434954
0.566771
0.960943
0.902323
0.828895
0.808584
0.351152
0.342168
0.974773
0.402589
0.494461
0.223332
0.841616
0.950977
0.714476
0.294471
0.918886
0.387737
0.226185
0.46484
0.819997
0.32178
0.886085
0.571943
0.606243
0.515414
0.987031
0.777395
0.29565
0.379814
0.576987
0.454013
0.884286
0.874362
0.538615
0.628894
0.516382
0.718122
0.582445
0.698407
0.730392
0.658438
0.691144
0.541099
0.676755
0.440001
0.90016
0.727909
0.584239
0.875686
0.651908
0.891799
0.52354
0.387563
0.886836
0.98229
0.790169
0.609524
0.676969
0.489247
0.496849
0.866255
0.849325
0.368637
0.319583
0.42238
0.244439
0.786765
0.291097
0.175516
0.337779
0.387928
0.644004
0.699443
0.478413
0.46356
0.462065
0.687959
0.586336
0.473241
0.720272
1.00508
0.345996
0.50848
0
0.980593
0.798437
0.543846
0.516091
0.698126
0.236379
0.433481
0.456815
0.716701
0.71679
0.852395
0.648416
0.174904
0.627481
0.605628
0.212344
0.766614
0.768455
0.725195
0.385253
0.690662
0.327368
0.263024
0.643539
0.543874
0.124758
0.630881
0.859061
0.606793
0.685692
0.368163
0.49554
0.467731
0.393193
0.152202
0.52751
0.324932
0.822684
0.586636
0.86396
0.444809
0.571256
0.919512
0.246565
0.993138
0.519302
0.797139
0.440208
0.40602
1.05137
0.68007
0.741713
0.557659
0.415814
0.523504
1.18928
0.974914
0.774339
0.702186
0.509241
1.05149
0.436712
0.576469
0.465484
0.574659
1.15203
0.362518
0.493643
0.807936
0.388543
0.545897
0.340577
0.797743
0.519389
0.761512
0.97312
0.753371
0.509567
1.05747
0.738839
0.821823
1.06197
0.244515
0.815291
1.05545
1.02053
0.715365
0.355177
1.30008
0.75536
0.761877
0.566464
0.343132
1.19668
0.838585
0.490262
0.650874
1.06926
0.812497
0.980593
0
0.534018
1.20755
0.789228
0.835949
0.985614
1.12453
0.539624
0.989691
0.762092
0.369667
0.856935
0.837333
0.459301
0.545413
0.7687
0.422641
0.833656
0.664531
1.0074
0.870447
1.07343
0.968776
1.17433
1.16617
0.890709
0.817231
0.57557
0.951673
0.826074
0.992618
1.15091
0.594693
0.781426
0.976617
0.813542
0.814614
0.412254
0.405879
0.54023
1.19575
1.01217
0.54464
0.910762
0.631344
0.644824
0.780351
0.131085
0.438308
0.750103
0.415489
0.466404
0.816036
0.444234
0.193836
0.979512
1.09623
0.660391
0.55397
0.22523
0.644918
0.426888
0.338518
0.521138
0.532556
0.920056
0.54066
0.591745
0.481177
0.393785
0.938674
0.322918
0.962646
0.68007
0.721417
0.8759
0.246702
0.158404
0.689244
0.505634
0.789159
0.824975
0.425263
0.605572
0.806736
0.813425
0.453464
0.361966
1.0883
0.786451
0.613408
0.555309
0.514767
0.751113
0.85824
0.530987
0.505412
0.754526
0.471459
0.798437
0.534018
0
0.779343
0.864625
0.99233
0.921791
0.774352
0.543163
0.47944
0.732064
0.270047
0.833111
0.739393
0.254615
0.433143
0.639458
0.199083
0.803508
0.756218
0.957032
0.663489
0.738675
0.75191
0.995418
0.741186
0.711732
0.349904
0.526573
0.94057
0.544735
0.621735
1.02036
0.358755
0.436376
0.814948
0.948953
0.502407
0.764765
0.480541
0.159966
0.808348
1.08996
0.375109
0.613609
0.270358
0.962339
0.858895
0.90571
1.01304
0.552088
0.7073
0.614741
1.15131
0.857875
0.739731
0.832069
1.15454
0.8756
0.719497
0.745226
0.166111
1.03253
0.803974
0.883937
1.01816
0.743332
1.09655
0.902756
0.45268
1.00599
1.38879
0.934758
1.11192
1.02087
0.811914
0.78366
0.710601
0.844111
0.201627
0.546608
0.834429
0.498867
1.0183
0.562445
0.427506
0.556791
0.537442
0.869166
0.821442
0.908035
0.682486
0.81144
0.990911
0.0653952
0.91811
0.942353
1.04369
0.334429
0.488479
0.543846
1.20755
0.779343
0
0.979753
1.15959
0.762067
0.338286
0.807745
0.382269
0.96661
0.942997
0.957444
0.673384
0.767085
0.806367
0.629931
0.854083
1.01066
1.05496
0.844891
0.789516
0.266374
0.512302
0.821194
0.119578
0.556784
0.46574
1.00339
0.974924
0.712181
0.240411
0.810246
0.637343
0.431754
0.585287
1.04963
0.427354
1.21265
0.893799
0.848746
0.130867
1.07964
0.970273
0.373795
0.812637
0.273094
0.158091
0.880181
0.907426
0.661766
0.602222
0.554307
0.309669
0.556502
0.813997
0.687301
0.232134
0.495868
0.772572
0.787586
0.833506
0.713808
0.659855
0.589228
0.658334
0.658901
0.871793
0.399714
0.600843
0.914619
0.54458
0.797035
0.186655
0.652797
0.689184
0.81413
0.977159
0.933392
0.817189
0.48638
0.171473
0.544236
0.599092
0.433005
0.686489
0.777834
0.649457
0.601693
0.714893
0.0943881
0.733384
0.313478
0.458289
1.0135
0.0955175
0.782447
0.857248
0.830511
0.833173
0.516091
0.789228
0.864625
0.979753
0
0.18614
0.483233
0.744487
0.451413
1.0106
0.426415
0.873133
0.333248
0.37171
0.611318
0.477835
0.41853
0.719121
0.468559
0.327537
0.270407
0.596363
0.807981
0.707212
0.595619
0.992646
0.439126
0.906167
0.645385
0.279583
0.664967
0.786361
0.464917
0.539636
0.675167
0.590761
0.302897
0.60456
0.468546
0.439059
0.864015
0.885299
0.243293
0.802425
0.655023
0.997483
0.368063
0.308172
0.988062
1.01964
0.796682
0.722867
0.695771
0.306721
0.684118
0.955642
0.763573
0.17462
0.567421
0.932192
0.9295
1.01241
0.771327
0.764174
0.717415
0.705713
0.755683
0.968514
0.523832
0.770108
1.02604
0.466117
0.911248
0.200114
0.758984
0.840769
0.97324
1.10849
1.06155
1.0015
0.66092
0.329794
0.71155
0.670256
0.607002
0.870197
0.956296
0.823766
0.721009
0.797906
0.256243
0.899073
0.459057
0.534788
1.19342
0.246081
0.906602
0.914406
1.01644
1.00827
0.698126
0.835949
0.99233
1.15959
0.18614
0
0.643199
0.907476
0.598237
1.176
0.466555
0.986997
0.37513
0.555168
0.738501
0.589457
0.601876
0.8263
0.488805
0.332521
0.401075
0.686729
0.993787
0.889008
0.676549
1.17607
0.624059
1.07339
0.695878
0.317897
0.774847
0.969892
0.564089
0.694934
0.851004
0.769528
0.385506
0.782354
0.467124
0.551687
0.973497
1.0637
0.26776
0.877355
0.840175
0.566564
0.570061
0.496789
0.988993
0.891383
0.745369
0.783694
0.685766
0.651504
0.596256
0.793832
0.892433
0.574511
0.814921
0.561636
0.763483
0.66413
0.99169
0.862324
0.56584
0.979348
0.825624
0.875461
0.494938
0.583374
0.91631
0.914953
0.829726
0.501992
0.597595
0.422982
0.421918
1.03619
0.946404
0.57704
0.478466
0.469659
0.450072
0.824714
0.461923
0.343524
0.375897
0.503135
0.681868
0.854021
0.487492
0.476981
0.505812
0.704225
0.801489
0.476962
0.703377
1.13411
0.500791
0.631441
0.236379
0.985614
0.921791
0.762067
0.483233
0.643199
0
0.66641
0.454346
0.920574
0.808083
0.910076
0.723831
0.213576
0.728564
0.710164
0.292157
0.871185
0.861194
0.763499
0.403035
0.849752
0.516947
0.341732
0.787523
0.744208
0.303465
0.795403
0.963683
0.654885
0.860867
0.57452
0.596089
0.5918
0.565417
0.196073
0.367985
0.516802
0.765146
0.609069
0.995395
0.668997
0.480731
1.04174
0.442673
0.407973
0.781658
0.60405
0.876523
1.0441
0.235881
0.524265
0.416642
0.964386
0.795625
0.76723
0.49904
0.904486
0.606746
0.787779
0.767198
0.26212
0.88036
0.653732
0.844124
0.818985
0.409195
1.10404
0.790138
0.322899
1.03358
1.19672
0.929853
0.905183
0.990763
0.836843
0.857385
0.709941
0.880888
0.331667
0.407954
0.579546
0.249782
0.897602
0.355135
0.43375
0.643025
0.548692
0.804877
0.490621
0.669433
0.743089
0.642339
0.846335
0.383399
0.665269
0.964174
0.882132
0.476909
0.609372
0.433481
1.12453
0.774352
0.338286
0.744487
0.907476
0.66641
0
0.72286
0.51137
0.690822
0.952246
0.661104
0.534765
0.675612
0.625173
0.517299
0.769319
0.719973
0.801188
0.587938
0.515371
0.388548
0.565606
0.483092
0.425849
0.398055
0.579436
0.803246
0.673076
0.486254
0.338607
0.498983
0.535171
0.427325
0.553751
0.892395
0.349207
1.05307
0.768074
0.793144
0.246195
0.83993
0.835478
0.367985
0.56454
0.279533
0.446557
0.576123
0.484713
0.724979
0.521171
0.482693
0.419525
0.145526
0.420592
0.906093
0.656544
0.622607
0.34468
0.385437
0.657103
0.605122
0.532345
0.156447
0.64933
0.844353
0.469899
0.107894
0.4457
0.499964
0.643648
0.396645
0.486983
0.286949
0.325793
0.513986
0.724195
0.554047
0.619887
0.323457
0.448848
0.598141
0.392869
0.395736
0.540875
0.521155
0.29917
0.232645
0.955278
0.413792
0.337967
0.21489
0.301861
0.817565
0.479246
0.34341
0.787973
0.597696
0.463832
0.456815
0.539624
0.543163
0.807745
0.451413
0.598237
0.454346
0.72286
0
0.756282
0.623403
0.482739
0.630072
0.315392
0.340087
0.394432
0.249008
0.469121
0.701565
0.55122
0.574263
0.68955
0.607655
0.461814
0.847816
0.769297
0.391924
0.575229
0.636594
0.65782
0.660771
0.569483
0.750284
0.285179
0.401571
0.440947
0.419445
0.404963
0.442648
0.19143
0.615834
0.762705
0.634463
0.672317
0.445505
0.401765
0.8985
0.884347
0.604848
0.808808
0.597816
0.54238
0.510869
1.09855
0.740576
0.508601
0.88635
1.22629
0.782772
0.671064
0.53215
0.325153
0.79412
0.58507
0.792852
0.815537
0.808205
0.91832
0.843548
0.413714
0.783353
1.28965
0.722626
1.14612
0.954221
0.835053
0.887412
0.357017
0.556777
0.415061
0.530477
0.874373
0.680484
0.827161
0.594858
0.648392
0.718168
0.493296
0.70885
0.949658
0.924253
0.684179
0.755223
0.855007
0.335227
0.964154
0.818823
0.780236
0.541815
0.421858
0.716701
0.989691
0.47944
0.382269
1.0106
1.176
0.920574
0.51137
0.756282
0
0.889375
0.695119
0.94295
0.767349
0.572289
0.664462
0.683793
0.60293
0.942792
0.980002
0.968991
0.702081
0.496809
0.661732
0.912136
0.367055
0.670516
0.23044
0.804473
1.01667
0.574068
0.376193
0.954036
0.51778
0.377095
0.752789
1.10864
0.428217
1.11122
0.779883
0.540176
0.463817
1.1817
0.700726
0.480939
0.869365
0.417644
0.32601
0.729869
0.952058
0.499003
0.36305
0.384454
0.532179
0.655383
0.782789
0.476001
0.586118
0.122227
0.920264
0.774522
0.813657
0.460272
0.411238
0.742301
0.327159
0.473902
0.9564
0.589992
0.549252
0.933259
0.653958
0.80547
0.5869
0.870932
0.93182
1.0785
0.765255
0.85543
0.862555
0.513074
0.352987
0.619959
0.534279
0.461719
0.853704
0.987173
0.727577
0.633098
0.603029
0.357827
0.909774
0.409827
0.474414
0.987909
0.390217
0.914009
0.50971
0.950359
0.888715
0.71679
0.762092
0.732064
0.96661
0.426415
0.466555
0.808083
0.690822
0.623403
0.889375
0
0.841084
0.157931
0.618244
0.522983
0.315403
0.607152
0.562931
0.0818771
0.184835
0.527305
0.259896
0.898446
0.898581
0.470854
1.00413
0.597115
0.852755
0.315786
0.31237
0.361242
0.819197
0.52914
0.51055
0.683633
0.829019
0.709729
0.616175
0.605761
0.502652
0.656337
0.896678
0.62201
0.51256
0.738997
0.735309
0.619348
0.835045
0.244642
0.180063
0.942198
0.599943
0.638627
0.745545
0.344671
0.203346
1.15917
1.09238
0.803297
0.467044
0.201818
0.807625
0.51478
0.515314
0.387466
0.653611
1.10019
0.280875
0.515042
0.635285
0.13017
0.84299
0.0988809
0.920002
0.500374
0.616695
0.797721
0.513427
0.165569
0.812523
0.604762
0.846602
0.944369
0.374023
0.714199
0.868092
0.811564
0.491419
0.273072
1.25643
0.81589
0.548123
0.571738
0.466171
0.918509
0.894716
0.330847
0.672263
0.824072
0.516706
0.852395
0.369667
0.270047
0.942997
0.873133
0.986997
0.910076
0.952246
0.482739
0.695119
0.841084
0
0.929092
0.760573
0.339431
0.535571
0.664571
0.317842
0.919942
0.804316
1.0123
0.845719
0.834996
0.767755
1.15154
0.882141
0.779939
0.502235
0.649136
1.01996
0.752336
0.746846
1.13223
0.453294
0.552046
0.829698
0.882349
0.624837
0.656819
0.437382
0.378362
0.96287
1.09219
0.53442
0.703947
0.862163
0.426053
0.233412
0.844909
1.02151
0.484351
0.457689
0.437986
0.522036
0.694624
0.855647
0.425602
0.462141
0.234384
0.93398
0.842687
0.811679
0.603086
0.532167
0.76723
0.481306
0.424477
1.01741
0.59707
0.566661
1.01014
0.677299
0.881474
0.50504
0.882074
0.915488
1.04295
0.871449
0.94857
0.846298
0.515178
0.255106
0.545836
0.629262
0.436453
0.800872
0.947983
0.741816
0.694603
0.515646
0.277639
0.907985
0.419475
0.53812
0.988247
0.278263
0.951664
0.663979
0.922721
0.911656
0.648416
0.856935
0.833111
0.957444
0.333248
0.37513
0.723831
0.661104
0.630072
0.94295
0.157931
0.929092
0
0.556204
0.606633
0.405441
0.571296
0.67438
0.159931
0.224141
0.394379
0.331661
0.871048
0.86141
0.380374
1.00038
0.540141
0.904846
0.46906
0.155158
0.448375
0.812303
0.39584
0.556352
0.70357
0.769299
0.633525
0.620902
0.634527
0.547527
0.77827
0.869809
0.48995
0.658037
0.720399
0.475109
0.411875
0.336295
0.804231
0.777388
0.575386
0.57066
0.475645
0.544894
0.453357
0.637357
0.740699
0.53807
0.613519
0.497247
0.610293
0.542349
0.789113
0.6508
0.457679
0.772156
0.672042
0.776167
0.3628
0.393081
0.791287
0.809497
0.687635
0.45376
0.545896
0.424589
0.498931
0.844602
0.786181
0.487599
0.275852
0.31183
0.337719
0.648587
0.260174
0.325974
0.411828
0.363582
0.521906
0.73749
0.338798
0.43183
0.314776
0.535434
0.707009
0.350914
0.620069
0.922356
0.466856
0.526191
0.174904
0.837333
0.739393
0.673384
0.37171
0.555168
0.213576
0.534765
0.315392
0.767349
0.618244
0.760573
0.556204
0
0.53341
0.500859
0.103808
0.674891
0.677613
0.591151
0.330362
0.6482
0.457979
0.337662
0.652857
0.664941
0.136784
0.648651
0.756191
0.522842
0.652726
0.465127
0.503764
0.392175
0.40368
0.226837
0.377379
0.342018
0.650003
0.439065
0.797119
0.585908
0.467947
0.832802
0.32258
0.587304
0.394838
0.535101
0.281535
0.46603
0.623127
0.276738
0.310394
0.577136
0.272064
0.262921
0.821785
0.842455
0.474249
0.497464
0.256578
0.606938
0.333859
0.22822
0.372151
0.403327
0.765501
0.515919
0.371163
0.358237
0.440858
0.729715
0.316837
0.712185
0.542548
0.602066
0.774854
0.416696
0.343403
0.635194
0.325683
0.546781
0.659055
0.259116
0.413909
0.68461
0.717026
0.355811
0.201604
0.922738
0.534952
0.53076
0.304159
0.292042
0.75969
0.609565
0.472553
0.480629
0.690924
0.471658
0.627481
0.459301
0.254615
0.767085
0.611318
0.738501
0.728564
0.675612
0.340087
0.572289
0.522983
0.339431
0.606633
0.53341
0
0.207814
0.44384
0.143048
0.601564
0.522163
0.724688
0.514606
0.670681
0.643003
0.81472
0.744248
0.524884
0.433382
0.39227
0.70435
0.435905
0.568889
0.81245
0.164404
0.358012
0.661306
0.714082
0.382032
0.554337
0.246648
0.281433
0.753886
0.840469
0.353548
0.50709
0.658906
0.311198
0.381448
0.443734
0.653134
0.511731
0.180034
0.221019
0.497707
0.385405
0.46784
0.653153
0.702855
0.275223
0.644234
0.459972
0.6414
0.30049
0.185287
0.484623
0.280658
0.609444
0.678003
0.39213
0.356283
0.63185
0.654961
0.503851
0.611105
0.641116
0.701101
0.865399
0.522045
0.545438
0.681199
0.313637
0.399798
0.583278
0.3019
0.342294
0.704327
0.788139
0.464791
0.34381
0.764611
0.393015
0.65334
0.234114
0.276583
0.812677
0.463302
0.631995
0.426712
0.755459
0.613651
0.605628
0.545413
0.433143
0.806367
0.477835
0.589457
0.710164
0.625173
0.394432
0.664462
0.315403
0.535571
0.405441
0.500859
0.207814
0
0.439988
0.273341
0.394327
0.336271
0.595193
0.346062
0.71851
0.703543
0.645466
0.811785
0.484587
0.576717
0.26515
0.518245
0.316027
0.622872
0.660123
0.227878
0.438444
0.679311
0.660788
0.409478
0.517148
0.266699
0.394972
0.7655
0.712483
0.344073
0.546562
0.41354
0.391712
0.366651
0.708265
0.68866
0.559684
0.50579
0.415745
0.548804
0.374478
0.534604
0.754518
0.610385
0.589106
0.417339
0.508267
0.48841
0.72146
0.57721
0.38684
0.718877
0.682239
0.698585
0.318494
0.321635
0.699727
0.8054
0.595746
0.506245
0.498971
0.382532
0.48077
0.750832
0.68401
0.440022
0.198498
0.348424
0.362615
0.580531
0.225742
0.322966
0.389644
0.264203
0.437192
0.769868
0.369821
0.362152
0.271315
0.482593
0.655573
0.401206
0.542837
0.855843
0.428169
0.434954
0.212344
0.7687
0.639458
0.629931
0.41853
0.601876
0.292157
0.517299
0.249008
0.683793
0.607152
0.664571
0.571296
0.103808
0.44384
0.439988
0
0.586541
0.673572
0.5866
0.411448
0.619388
0.420236
0.308471
0.682054
0.612177
0.148102
0.552225
0.703072
0.565595
0.603294
0.405699
0.562637
0.300067
0.311855
0.245098
0.433706
0.263775
0.630589
0.377029
0.704927
0.558224
0.55231
0.757969
0.262852
0.696189
0.489677
0.642589
0.171201
0.478429
0.695992
0.310634
0.38646
0.653947
0.375688
0.296369
0.880932
0.946777
0.509296
0.602528
0.304288
0.699969
0.245639
0.201942
0.474608
0.354644
0.832479
0.538656
0.486187
0.464899
0.439316
0.761599
0.330843
0.818779
0.634345
0.724154
0.901276
0.359791
0.307343
0.743536
0.456924
0.658623
0.779879
0.256333
0.537661
0.818019
0.848044
0.480763
0.282844
1.00039
0.642881
0.649038
0.42558
0.350109
0.839395
0.71922
0.542611
0.382295
0.810556
0.566771
0.766614
0.422641
0.199083
0.854083
0.719121
0.8263
0.871185
0.769319
0.469121
0.60293
0.562931
0.317842
0.67438
0.674891
0.143048
0.273341
0.586541
0
0.636038
0.571515
0.846372
0.54664
0.787882
0.776363
0.892053
0.832858
0.661746
0.485178
0.348429
0.791242
0.456143
0.676038
0.917691
0.299383
0.470642
0.802406
0.836109
0.502033
0.604004
0.346419
0.165944
0.853969
0.956055
0.244223
0.632873
0.929078
0.489945
0.371821
0.800537
1.03311
0.514283
0.42367
0.443907
0.589026
0.736819
0.860823
0.442785
0.60242
0.16237
0.998553
0.853567
0.862905
0.519003
0.475323
0.822781
0.37362
0.455941
1.03707
0.666925
0.609243
1.01365
0.697009
0.88613
0.628806
0.948926
1.00674
1.14836
0.821725
0.930902
0.916001
0.580354
0.396777
0.653239
0.610373
0.519231
0.907512
1.0513
0.801313
0.71486
0.574861
0.407947
0.985576
0.487106
0.552211
1.03411
0.427046
0.995607
0.543945
1.00899
0.960943
0.768455
0.833656
0.803508
1.01066
0.468559
0.488805
0.861194
0.719973
0.701565
0.942792
0.0818771
0.919942
0.159931
0.677613
0.601564
0.394327
0.673572
0.636038
0
0.23315
0.551225
0.27409
0.953326
0.962246
0.445385
1.05557
0.651768
0.919973
0.364342
0.308121
0.39479
0.875851
0.525676
0.586885
0.75116
0.887509
0.762164
0.679242
0.668108
0.583387
0.720363
0.937267
0.642549
0.564827
0.799621
0.914784
0.293624
0.296235
0.737831
0.88939
0.641072
0.459263
0.478242
0.360673
0.583786
0.777446
0.633559
0.483763
0.289104
0.880367
0.761778
0.895265
0.466705
0.476929
0.660329
0.377547
0.626951
0.868996
0.489835
0.617416
0.877721
0.473398
0.753491
0.449429
0.762351
0.865243
1.02766
0.844002
0.854112
0.921949
0.543084
0.332876
0.685832
0.459399
0.507957
0.874774
0.975867
0.728385
0.573654
0.736118
0.284691
0.8718
0.351074
0.371028
1.07617
0.33401
0.838201
0.585946
0.980602
0.902323
0.725195
0.664531
0.756218
1.05496
0.327537
0.332521
0.763499
0.801188
0.55122
0.980002
0.184835
0.804316
0.224141
0.591151
0.522163
0.336271
0.5866
0.571515
0.23315
0
0.517573
0.431877
0.94332
0.893746
0.600501
1.07624
0.611748
0.90124
0.368438
0.32732
0.509025
0.876038
0.595596
0.524735
0.721519
0.814973
0.588155
0.663238
0.438896
0.420059
0.69856
0.98254
0.540332
0.564581
0.773098
0.728171
0.495095
0.23661
1.00487
1.05303
0.545422
0.654072
0.566435
0.574953
0.702194
0.902941
0.567033
0.332682
0.55844
0.823559
0.880191
0.725607
0.875571
0.754799
0.728248
0.799933
0.527321
1.03989
0.569863
0.56526
1.06034
0.814819
0.942876
0.397923
0.806185
0.740013
0.802157
1.02249
1.03785
0.70437
0.480071
0.205446
0.355852
0.795661
0.384161
0.556102
0.706028
0.663348
0.75268
0.533696
0.268785
0.761829
0.455658
0.66689
0.8917
0.198668
0.912409
0.976014
0.72551
0.828895
0.385253
1.0074
0.957032
0.844891
0.270407
0.401075
0.403035
0.587938
0.574263
0.968991
0.527305
1.0123
0.394379
0.330362
0.724688
0.595193
0.411448
0.846372
0.551225
0.517573
0
0.60146
0.690003
0.635284
0.446893
0.878171
0.342045
0.905153
0.784671
0.280923
0.674825
0.694164
0.245624
0.602119
0.656605
0.499338
0.434377
0.563354
0.728536
0.61593
0.966265
0.729869
0.255672
0.927946
0.577326
0.752807
0.576944
0.450563
0.694299
0.980361
0.300476
0.251658
0.262287
0.739282
0.715605
0.74165
0.350765
0.772542
0.145276
0.913203
0.743718
0.651077
0.504514
0.351275
0.807145
0.376679
0.327452
1.01881
0.696014
0.431161
0.954663
0.887582
0.830515
0.77553
0.963609
0.965718
1.0875
0.617738
0.809296
0.730867
0.463254
0.459435
0.538518
0.631972
0.412022
0.788922
0.949257
0.681207
0.682533
0.501599
0.509288
0.902914
0.500238
0.604774
0.806746
0.533366
0.957692
0.468751
0.855335
0.808584
0.690662
0.870447
0.663489
0.789516
0.596363
0.686729
0.849752
0.515371
0.68955
0.702081
0.259896
0.845719
0.331661
0.6482
0.514606
0.346062
0.619388
0.54664
0.27409
0.431877
0.60146
0
0.787606
0.857457
0.398297
0.843629
0.574316
0.725531
0.363726
0.454394
0.143303
0.690967
0.527946
0.477862
0.589186
0.815699
0.858823
0.521142
0.8023
0.599307
0.584022
0.733795
0.776396
0.479409
0.653333
0.116123
0.794864
0.717103
0.856003
0.86878
0.585403
0.678622
0.573612
0.966689
0.681563
0.642772
0.854411
0.976527
0.832753
0.515466
0.634463
0.220369
0.975923
0.76943
0.685559
0.97495
0.764153
0.929377
0.705873
0.385469
0.874525
1.21718
0.801951
0.911283
0.800178
0.566089
0.527694
0.756124
0.777878
0.0916604
0.412979
0.690505
0.400052
0.895332
0.441531
0.181113
0.29713
0.361806
0.719197
0.835659
0.750211
0.456624
0.652285
0.843315
0.29606
0.761735
0.753656
1.04418
0.0899761
0.351152
0.327368
1.07343
0.738675
0.266374
0.807981
0.993787
0.516947
0.388548
0.607655
0.496809
0.898446
0.834996
0.871048
0.457979
0.670681
0.71851
0.420236
0.787882
0.953326
0.94332
0.690003
0.787606
0
0.247568
0.80754
0.228133
0.371344
0.448737
0.959133
0.867769
0.728172
0.134712
0.7293
0.521913
0.31734
0.328596
0.820968
0.310767
1.03385
0.734023
0.831108
0.227268
0.895309
0.950581
0.178376
0.276386
0.685327
0.661647
0.849921
0.756925
0.713845
0.726226
0.628529
0.827103
0.555056
0.608965
0.953499
0.864782
0.86098
0.361212
0.586837
0.434965
0.964145
0.796978
0.526859
0.98151
0.869068
0.788341
0.557599
0.459494
0.776997
1.08069
0.710781
0.765518
0.60306
0.340477
0.294281
0.844429
0.758889
0.320225
0.409736
0.637115
0.468804
0.81784
0.454605
0.168677
0.0918761
0.301624
0.62138
0.936355
0.669921
0.275273
0.567007
0.745863
0.534767
0.686961
0.59681
1.08294
0.193118
0.342168
0.263024
0.968776
0.75191
0.512302
0.707212
0.889008
0.341732
0.565606
0.461814
0.661732
0.898581
0.767755
0.86141
0.337662
0.643003
0.703543
0.308471
0.776363
0.962246
0.893746
0.635284
0.857457
0.247568
0
0.883525
0.455219
0.331354
0.529418
0.965947
0.8429
0.813284
0.318011
0.755768
0.502061
0.360736
0.154357
0.639467
0.364083
0.891862
0.630419
0.859987
0.465583
0.783465
0.97426
0.231289
0.83031
0.738323
0.466661
1.0474
1.25262
0.317157
0.595688
0.52977
0.862547
0.933262
1.02109
0.133791
0.675587
0.446509
1.07167
1.01456
0.723314
0.873442
0.719678
0.997691
0.743498
0.134749
1.27513
0.856116
0.596349
1.24043
1.05014
1.11455
0.772601
1.1268
1.0641
1.13009
0.955663
1.12504
0.774386
0.606452
0.453915
0.428772
0.931837
0.494529
0.759503
0.968129
0.84025
0.939649
0.13562
0.542088
1.02692
0.669408
0.851683
0.865302
0.502865
1.17045
0.863845
0.881321
0.974773
0.643539
1.17433
0.995418
0.821194
0.595619
0.676549
0.787523
0.483092
0.847816
0.912136
0.470854
1.15154
0.380374
0.652857
0.81472
0.645466
0.682054
0.892053
0.445385
0.600501
0.446893
0.398297
0.80754
0.883525
0
0.90238
0.570793
0.950791
0.730094
0.360677
0.505549
0.766383
0.232261
0.712889
0.75468
0.794765
0.854084
0.653561
0.98649
0.823723
0.951485
0.718565
0.648724
0.871072
0.71888
0.208916
0.953316
0.882759
0.870012
0.938293
0.631123
0.728483
0.640457
1.13974
0.81165
0.680115
0.919104
1.17403
0.916869
0.635591
0.684714
0.194423
1.03105
0.811446
0.828129
1.03496
0.829203
1.02439
0.87037
0.464643
0.934364
1.37637
0.874107
1.11111
0.957752
0.739629
0.704982
0.697877
0.785325
0.178995
0.545031
0.85939
0.550412
0.993695
0.582733
0.407743
0.488772
0.48349
0.826173
0.914378
0.923484
0.602772
0.803489
0.970902
0.100907
0.940439
0.866659
1.06014
0.270202
0.402589
0.543874
1.16617
0.741186
0.119578
0.992646
1.17607
0.744208
0.425849
0.769297
0.367055
1.00413
0.882141
1.00038
0.664941
0.744248
0.811785
0.612177
0.832858
1.05557
1.07624
0.878171
0.843629
0.228133
0.455219
0.90238
0
0.564072
0.405508
1.02043
1.01976
0.757747
0.21091
0.874759
0.620193
0.399441
0.555226
1.03331
0.420606
1.19039
0.86865
0.830643
0.213359
1.09908
0.973699
0.349407
0.392403
0.480151
0.354469
0.790509
0.820753
0.456123
0.510561
0.400233
0.63835
0.510845
0.631001
0.649102
0.611154
0.569086
0.534995
0.610735
0.425069
0.781732
0.610587
0.532578
0.751886
0.572376
0.839913
0.451912
0.296019
0.827354
0.896743
0.72034
0.557554
0.6465
0.506749
0.561619
0.778696
0.77719
0.385541
0.212763
0.325902
0.216014
0.68362
0.170642
0.265986
0.417661
0.34635
0.561152
0.644215
0.384978
0.472628
0.35578
0.587059
0.593935
0.391194
0.684455
0.884466
0.40384
0.494461
0.124758
0.890709
0.711732
0.556784
0.439126
0.624059
0.303465
0.398055
0.391924
0.670516
0.597115
0.779939
0.540141
0.136784
0.524884
0.484587
0.148102
0.661746
0.651768
0.611748
0.342045
0.574316
0.371344
0.331354
0.570793
0.564072
0
0.585877
0.73522
0.518367
0.571039
0.366337
0.447752
0.366222
0.335996
0.246096
0.506266
0.252157
0.739459
0.491545
0.762412
0.463381
0.539836
0.802418
0.237495
0.333011
0.760282
0.805369
0.480098
0.592491
0.662242
0.51397
0.482865
0.950626
0.545674
0.305349
0.949431
1.1279
0.765829
0.45221
0.323691
0.364451
0.714364
0.532619
0.585409
0.76805
0.869439
0.699689
0.668085
0.365907
0.573756
1.14156
0.518776
1.01482
0.739133
0.632089
0.707792
0.364603
0.384424
0.395044
0.433071
0.797725
0.668518
0.677974
0.531844
0.570299
0.581103
0.31233
0.521612
1.01186
0.827777
0.48007
0.62436
0.703915
0.429275
0.87852
0.59229
0.765734
0.463315
0.223332
0.630881
0.817231
0.349904
0.46574
0.906167
1.07339
0.795403
0.579436
0.575229
0.23044
0.852755
0.502235
0.904846
0.648651
0.433382
0.576717
0.552225
0.485178
0.919973
0.90124
0.905153
0.725531
0.448737
0.529418
0.950791
0.405508
0.585877
0
0.756623
0.973379
0.605118
0.336748
0.949171
0.386391
0.251003
0.632912
0.95763
0.344999
0.948495
0.618686
0.466365
0.521439
1.08593
0.654728
0.391025
0.89349
0.488967
0.558991
0.486193
0.79295
0.63454
0.296284
0.401262
0.619528
0.596669
0.633727
0.69979
0.840044
0.285015
0.881369
0.636156
0.846188
0.168041
0.22549
0.700212
0.016889
0.685187
0.817347
0.611359
0.577757
0.759195
0.68073
0.644131
0.773589
0.844211
0.950657
1.12486
0.565955
0.653403
0.909608
0.567971
0.585787
0.796878
0.376664
0.580009
0.95915
1.0508
0.71392
0.529197
0.849612
0.571023
0.903211
0.474314
0.414232
1.00423
0.634063
0.825855
0.218653
1.00331
0.841616
0.859061
0.57557
0.526573
1.00339
0.645385
0.695878
0.963683
0.803246
0.636594
0.804473
0.315786
0.649136
0.46906
0.756191
0.39227
0.26515
0.703072
0.348429
0.364342
0.368438
0.784671
0.363726
0.959133
0.965947
0.730094
1.02043
0.73522
0.756623
0
0.618513
0.352248
0.851223
0.807074
0.475626
0.673049
0.942323
0.865733
0.649381
0.606544
0.468954
0.409675
0.972018
0.877637
0.215161
0.795313
0.878558
0.469135
0.212775
0.961797
1.09334
0.52759
0.57653
0.531011
0.537319
0.748468
0.937695
0.44834
0.349801
0.380108
0.959368
0.920547
0.839026
0.742774
0.662418
0.804883
0.631202
0.446056
1.08039
0.625423
0.620391
1.08904
0.715601
0.962228
0.443879
0.901518
0.910366
1.01696
0.98739
1.04594
0.856333
0.555009
0.220563
0.512234
0.730629
0.460399
0.771256
0.924387
0.777305
0.768
0.485234
0.256214
0.919613
0.46747
0.618408
1.0138
0.210279
0.995853
0.816116
0.915982
0.950977
0.606793
0.951673
0.94057
0.974924
0.279583
0.317897
0.654885
0.673076
0.65782
1.01667
0.31237
1.01996
0.155158
0.522842
0.70435
0.518245
0.565595
0.791242
0.308121
0.32732
0.280923
0.454394
0.867769
0.8429
0.360677
1.01976
0.518367
0.973379
0.618513
0
0.568854
0.831933
0.29932
0.628518
0.749349
0.72935
0.571356
0.658121
0.678534
0.612986
0.903778
0.872567
0.364474
0.801974
0.729696
0.676389
0.597761
0.519254
0.587091
0.897128
0.310382
0.159647
0.193517
0.77891
0.667844
0.637588
0.455223
0.863185
0.239648
0.842024
0.645215
0.572271
0.458448
0.262624
0.761965
0.365219
0.414006
0.951514
0.683065
0.359814
0.867402
0.930704
0.749111
0.837079
0.929204
0.923118
1.0456
0.47718
0.695759
0.662439
0.420532
0.525868
0.55277
0.594235
0.401828
0.757836
0.903436
0.608495
0.624001
0.59487
0.572192
0.84113
0.500021
0.591676
0.719452
0.608452
0.892165
0.410846
0.794517
0.714476
0.685692
0.826074
0.544735
0.712181
0.664967
0.774847
0.860867
0.486254
0.660771
0.574068
0.361242
0.752336
0.448375
0.652726
0.435905
0.316027
0.603294
0.456143
0.39479
0.509025
0.674825
0.143303
0.728172
0.813284
0.505549
0.757747
0.571039
0.605118
0.352248
0.568854
0
0.61627
0.619983
0.409484
0.505028
0.797299
0.89698
0.455529
0.820922
0.575453
0.467625
0.67736
0.859711
0.401076
0.597699
0.0726497
0.74389
0.680524
0.741597
0.804112
0.510369
0.565276
0.46794
0.929495
0.623842
0.548308
0.796533
0.975199
0.742716
0.499225
0.545316
0.123129
0.865406
0.652395
0.645767
0.866561
0.70667
0.875204
0.66705
0.27958
0.802003
1.1683
0.723657
0.904422
0.782217
0.586209
0.592965
0.623765
0.675734
0.0683862
0.338398
0.658499
0.397536
0.808469
0.382484
0.272972
0.383472
0.301866
0.644636
0.80394
0.717051
0.459908
0.5946
0.771755
0.254099
0.738587
0.715489
0.921422
0.19718
0.294471
0.368163
0.992618
0.621735
0.240411
0.786361
0.969892
0.57452
0.338607
0.569483
0.376193
0.819197
0.746846
0.812303
0.465127
0.568889
0.622872
0.405699
0.676038
0.875851
0.876038
0.694164
0.690967
0.134712
0.318011
0.766383
0.21091
0.366337
0.336748
0.851223
0.831933
0.61627
0
0.720715
0.428118
0.213221
0.39544
0.833766
0.217415
0.984941
0.668177
0.70673
0.226939
0.906094
0.829153
0.144821
0.772249
0.66223
0.36896
1.07679
1.20264
0.419451
0.658329
0.569524
0.76642
0.862604
1.00236
0.364175
0.51495
0.533564
0.975808
0.987751
0.710646
0.928906
0.780494
0.906468
0.822078
0.333827
1.20956
0.757666
0.588229
1.20097
0.984197
1.07836
0.620469
1.01111
0.928241
0.976542
1.02745
1.12725
0.722309
0.55644
0.343541
0.330589
0.918125
0.438481
0.634291
0.832621
0.772119
0.893434
0.29374
0.434671
0.916994
0.600564
0.810544
0.861621
0.372651
1.08539
0.972946
0.7886
0.918886
0.49554
1.15091
1.02036
0.810246
0.464917
0.564089
0.596089
0.498983
0.750284
0.954036
0.52914
1.13223
0.39584
0.503764
0.81245
0.660123
0.562637
0.917691
0.525676
0.595596
0.245624
0.527946
0.7293
0.755768
0.232261
0.874759
0.447752
0.949171
0.807074
0.29932
0.619983
0.720715
0
0.688152
0.718495
0.639838
0.67831
0.613788
0.91101
0.766791
1.00675
0.69056
0.459795
0.951677
0.642455
0.451128
0.382561
0.447567
0.425469
0.547884
0.513779
0.268446
0.231424
0.581088
0.289034
0.317871
0.735362
0.769661
0.456317
0.441707
0.305212
0.47334
0.465861
0.302206
0.369206
0.490153
0.668408
0.594211
0.34564
0.215829
0.534973
0.781518
0.415414
0.655499
0.541465
0.526195
0.673053
0.471643
0.441806
0.491028
0.163439
0.449117
0.502452
0.385642
0.263899
0.52582
0.583335
0.239542
0.273506
0.812618
0.459376
0.447751
0.245007
0.358085
0.639413
0.522333
0.495961
0.586141
0.547599
0.387737
0.467731
0.594693
0.358755
0.637343
0.539636
0.694934
0.5918
0.535171
0.285179
0.51778
0.51055
0.453294
0.556352
0.392175
0.164404
0.227878
0.300067
0.299383
0.586885
0.524735
0.602119
0.477862
0.521913
0.502061
0.712889
0.620193
0.366222
0.386391
0.475626
0.628518
0.409484
0.428118
0.688152
0
0.225115
0.512116
0.639557
0.226306
0.601975
0.272771
0.405693
0.608758
0.747873
0.475893
0.351509
0.230601
0.573492
0.575001
0.546077
0.624403
0.505491
0.409119
0.332167
0.765816
0.430397
0.360952
0.779668
0.889181
0.612639
0.391395
0.355059
0.277966
0.667864
0.471898
0.471098
0.687766
0.697306
0.693083
0.495666
0.167994
0.61759
0.987518
0.525896
0.789758
0.628308
0.502415
0.585512
0.4923
0.496516
0.279916
0.197128
0.562692
0.442707
0.597808
0.295187
0.375874
0.438767
0.146505
0.437984
0.824717
0.599722
0.378416
0.425673
0.57222
0.430886
0.642442
0.553172
0.750514
0.345676
0.226185
0.393193
0.781426
0.436376
0.431754
0.675167
0.851004
0.565417
0.427325
0.401571
0.377095
0.683633
0.552046
0.70357
0.40368
0.358012
0.438444
0.311855
0.470642
0.75116
0.721519
0.656605
0.589186
0.31734
0.360736
0.75468
0.399441
0.335996
0.251003
0.673049
0.749349
0.505028
0.213221
0.718495
0.225115
0
0.420008
0.734986
0.105336
0.800028
0.472118
0.522854
0.419844
0.840506
0.644881
0.178348
0.378192
0.618974
0.557808
0.901613
0.822294
0.677016
0.719013
0.614918
0.745407
0.563559
0.68358
0.880745
0.72751
0.807149
0.451717
0.658068
0.49569
0.959619
0.800496
0.53921
0.95839
0.801729
0.834803
0.517916
0.470217
0.843008
1.00819
0.762325
0.645967
0.60581
0.373695
0.347881
0.910172
0.837517
0.395069
0.39388
0.529994
0.392933
0.810929
0.404427
0.166901
0.208214
0.36864
0.638352
0.851319
0.564705
0.362712
0.513755
0.715581
0.619966
0.568991
0.649299
1.08425
0.30568
0.46484
0.152202
0.976617
0.814948
0.585287
0.590761
0.769528
0.196073
0.553751
0.440947
0.752789
0.829019
0.829698
0.769299
0.226837
0.661306
0.679311
0.245098
0.802406
0.887509
0.814973
0.499338
0.815699
0.328596
0.154357
0.794765
0.555226
0.246096
0.632912
0.942323
0.72935
0.797299
0.39544
0.639838
0.512116
0.420008
0
0.523203
0.386799
0.834934
0.60597
0.903903
0.507125
0.639568
0.984703
0.276062
0.834283
0.386173
0.424782
0.968782
0.855274
0.878776
0.80107
0.744059
0.352178
0.539738
0.839955
0.956329
0.354273
0.766144
0.679347
0.804856
0.916477
0.886151
0.842198
0.515618
0.878153
0.913965
0.793256
0.371525
0.727253
0.880823
0.590384
0.789119
0.18923
0.499935
0.527587
0.6364
1.10804
0.970435
0.859211
0.592856
0.422316
0.67137
0.686784
0.57938
0.67215
0.680566
0.653664
0.622027
0.957557
0.362542
0.630876
0.433081
0.543614
1.08138
0.370575
0.682978
1.06715
0.811008
0.819997
0.52751
0.813542
0.948953
1.04963
0.302897
0.385506
0.367985
0.892395
0.419445
1.10864
0.709729
0.882349
0.633525
0.377379
0.714082
0.660788
0.433706
0.836109
0.762164
0.588155
0.434377
0.858823
0.820968
0.639467
0.854084
1.03331
0.506266
0.95763
0.865733
0.571356
0.89698
0.833766
0.67831
0.639557
0.734986
0.523203
0
0.69058
0.482441
0.497628
0.992881
0.961835
0.325377
0.983316
0.688992
0.256326
0.538853
0.49364
0.60296
0.699814
0.41806
0.377259
0.27781
0.732167
0.459715
0.444506
0.685301
0.812854
0.547345
0.460286
0.436282
0.264727
0.669421
0.465446
0.5051
0.665176
0.602203
0.756365
0.489301
0.0970959
0.69372
0.96307
0.591657
0.732952
0.659783
0.534786
0.612413
0.542121
0.579312
0.27375
0.126237
0.478194
0.342723
0.610956
0.198647
0.339202
0.4517
0.209402
0.47348
0.723821
0.527079
0.432104
0.387289
0.566673
0.440795
0.561628
0.616042
0.745988
0.356179
0.32178
0.324932
0.814614
0.502407
0.427354
0.60456
0.782354
0.516802
0.349207
0.404963
0.428217
0.616175
0.624837
0.620902
0.342018
0.382032
0.409478
0.263775
0.502033
0.679242
0.663238
0.563354
0.521142
0.310767
0.364083
0.653561
0.420606
0.252157
0.344999
0.649381
0.658121
0.455529
0.217415
0.613788
0.226306
0.105336
0.386799
0.69058
0
0.786496
0.469716
0.564545
0.3859
0.761366
0.652423
0.150992
0.992677
0.274421
0.544629
0.718099
0.660911
0.966338
0.697006
0.716815
0.169502
0.430129
0.71528
1.03856
0.601008
0.672661
0.745782
0.686941
1.05121
0.571176
0.657862
0.458938
0.611262
1.01138
0.581203
0.337459
0.786266
0.668551
0.210725
0.579748
0.42284
0.470578
0.698199
0.895772
0.957091
0.782208
1.03732
0.672384
0.572207
0.909323
0.358361
0.700273
0.950624
0.947877
0.726808
0.445529
1.11785
0.477323
0.758427
0.412573
0.264503
1.22396
0.5465
0.598136
0.787864
1.03351
0.886085
0.822684
0.412254
0.764765
1.21265
0.468546
0.467124
0.765146
1.05307
0.442648
1.11122
0.605761
0.656819
0.634527
0.650003
0.554337
0.517148
0.630589
0.604004
0.668108
0.438896
0.728536
0.8023
1.03385
0.891862
0.98649
1.19039
0.739459
0.948495
0.606544
0.678534
0.820922
0.984941
0.91101
0.601975
0.800028
0.834934
0.482441
0.786496
0
0.333586
0.765776
1.1577
0.65578
0.708834
0.862025
0.678007
0.183865
0.423858
0.477676
0.48673
0.713045
0.428975
0.432443
0.344844
0.165169
0.419619
0.863729
0.656915
0.51002
0.491508
0.39231
0.731604
0.429686
0.406836
0.250907
0.479848
0.814533
0.47085
0.152733
0.471852
0.485073
0.5259
0.363482
0.495189
0.3842
0.509166
0.703759
0.66334
0.518251
0.725949
0.368084
0.440723
0.666913
0.215868
0.429416
0.685953
0.698225
0.411731
0.170242
0.944308
0.389449
0.506805
0.166895
0.116286
0.899719
0.471014
0.419341
0.628673
0.740288
0.571943
0.586636
0.405879
0.480541
0.893799
0.439059
0.551687
0.609069
0.768074
0.19143
0.779883
0.502652
0.437382
0.547527
0.439065
0.246648
0.266699
0.377029
0.346419
0.583387
0.420059
0.61593
0.599307
0.734023
0.630419
0.823723
0.86865
0.491545
0.618686
0.468954
0.612986
0.575453
0.668177
0.766791
0.272771
0.472118
0.60597
0.497628
0.469716
0.333586
0
0.509747
0.85253
0.665078
0.51903
0.559253
0.730089
0.649446
0.770841
0.144953
0.556556
0.722966
0.357108
0.443617
0.817012
0.523004
0.343018
0.91972
1.09234
0.58097
0.692293
0.367938
0.7097
0.313895
0.249242
0.615326
0.412841
0.871628
0.642065
0.645007
0.517336
0.508518
0.914538
0.427695
0.975938
0.776342
0.841719
1.00341
0.226563
0.2995
0.773242
0.549893
0.78449
0.852818
0.411882
0.629052
0.893116
0.930175
0.562385
0.431186
1.04801
0.781945
0.744057
0.573706
0.514797
0.824344
0.853399
0.653716
0.350848
0.859958
0.606243
0.86396
0.54023
0.159966
0.848746
0.864015
0.973497
0.995395
0.793144
0.615834
0.540176
0.656337
0.378362
0.77827
0.797119
0.281433
0.394972
0.704927
0.165944
0.720363
0.69856
0.966265
0.584022
0.831108
0.859987
0.951485
0.830643
0.762412
0.466365
0.409675
0.903778
0.467625
0.70673
1.00675
0.405693
0.522854
0.903903
0.992881
0.564545
0.765776
0.509747
0
0.869286
1.09826
0.228004
0.696878
0.270995
0.89823
0.765843
0.928499
1.02943
0.477311
0.67809
0.572473
1.08091
0.831851
0.76283
0.74378
1.04729
0.814324
0.718524
0.763024
0.164313
1.01608
0.788205
0.857563
0.987659
0.654155
1.09997
0.851701
0.412167
1.02531
1.32576
0.943035
1.01943
0.99061
0.780905
0.752529
0.75676
0.880888
0.177089
0.490909
0.73852
0.379958
0.994171
0.483949
0.346434
0.519098
0.521924
0.851923
0.717341
0.817807
0.669052
0.750639
0.949561
0.193716
0.819167
0.939575
1.03668
0.311042
0.515414
0.444809
1.19575
0.808348
0.130867
0.885299
1.0637
0.668997
0.246195
0.762705
0.463817
0.896678
0.96287
0.869809
0.585908
0.753886
0.7655
0.558224
0.853969
0.937267
0.98254
0.729869
0.733795
0.227268
0.465583
0.718565
0.213359
0.463381
0.521439
0.972018
0.872567
0.67736
0.226939
0.69056
0.608758
0.419844
0.507125
0.961835
0.3859
1.1577
0.85253
0.869286
0
0.968427
0.967176
0.322757
0.929008
0.504888
0.346378
1.11485
1.10706
0.784178
0.818297
0.752843
0.487032
0.758971
1.02293
0.766735
0.115702
0.693766
0.917796
0.994453
0.954811
0.955573
0.89137
0.769173
0.890538
0.745467
1.06283
0.592596
0.770305
1.12138
0.697008
1.01049
0.244112
0.799445
0.793117
0.870934
1.19458
1.15281
0.92093
0.660667
0.338472
0.605054
0.836542
0.589052
0.743032
0.840369
0.811932
0.819532
0.742179
0.319791
0.860298
0.538448
0.692193
1.12365
0.256614
0.955346
1.0893
0.913571
0.987031
0.571256
1.01217
1.08996
1.07964
0.243293
0.26776
0.480731
0.83993
0.634463
1.1817
0.62201
1.09219
0.48995
0.467947
0.840469
0.712483
0.55231
0.956055
0.642549
0.540332
0.255672
0.776396
0.895309
0.783465
0.648724
1.09908
0.539836
1.08593
0.877637
0.364474
0.859711
0.906094
0.459795
0.747873
0.840506
0.639568
0.325377
0.761366
0.65578
0.665078
1.09826
0.968427
0
1.04079
0.773918
0.864864
0.606034
0.710592
0.321387
0.702377
0.702619
0.323111
0.441425
0.75328
0.596918
0.528093
0.82937
1.01515
0.451113
0.841477
0.5421
0.821591
0.149075
0.195187
0.700444
0.212346
0.801431
0.755487
0.670176
0.585119
0.658011
0.814225
0.560818
0.923226
0.854468
0.954201
1.12779
0.398939
0.505668
0.892722
0.6028
0.732015
0.873785
0.388356
0.648439
0.985572
1.05357
0.69012
0.507952
0.978214
0.72272
0.881138
0.56395
0.482715
0.957122
0.791736
0.781485
0.139634
0.989943
0.777395
0.919512
0.54464
0.375109
0.970273
0.802425
0.877355
1.04174
0.835478
0.672317
0.700726
0.51256
0.53442
0.658037
0.832802
0.353548
0.344073
0.757969
0.244223
0.564827
0.564581
0.927946
0.479409
0.950581
0.97426
0.871072
0.973699
0.802418
0.654728
0.215161
0.801974
0.401076
0.829153
0.951677
0.475893
0.644881
0.984703
0.983316
0.652423
0.708834
0.51903
0.228004
0.967176
1.04079
0
0.799379
0.158111
0.620201
0.562641
0.719961
0.748133
0.502925
0.527508
0.42378
0.798035
0.521527
0.520216
0.767068
0.842707
0.67955
0.429215
0.507752
0.243465
0.811187
0.61441
0.53846
0.811235
0.680033
0.800292
0.540233
0.240745
0.751582
1.04416
0.663487
0.763925
0.668857
0.47985
0.508071
0.660624
0.663759
0.179616
0.238482
0.540139
0.332925
0.723381
0.284516
0.199527
0.316676
0.221804
0.557414
0.773551
0.591573
0.376996
0.475486
0.666893
0.396135
0.614069
0.634168
0.896244
0.213414
0.29565
0.246565
0.910762
0.613609
0.373795
0.655023
0.840175
0.442673
0.367985
0.445505
0.480939
0.738997
0.703947
0.720399
0.32258
0.50709
0.546562
0.262852
0.632873
0.799621
0.773098
0.577326
0.653333
0.178376
0.231289
0.71888
0.349407
0.237495
0.391025
0.795313
0.729696
0.597699
0.144821
0.642455
0.351509
0.178348
0.276062
0.688992
0.150992
0.862025
0.559253
0.696878
0.322757
0.773918
0.799379
0
