0
761.787
717.313
751.851
778.501
580.971
613.965
520.538
942.293
616.788
538.699
864.862
1000.15
797.118
453.682
533.857
186.259
896.794
691.986
628.093
908.619
775.136
849.603
666.649
330.983
780.104
1181.93
710.294
918.539
755.619
543.981
538.368
651.027
668.365
95.5045
372.107
695.359
447.332
821.724
427.22
263.175
331.547
286.956
643.203
869.384
747.713
412.807
615.66
785.698
277.087
771.288
683.314
964.047
146.42
251.512
379.814
993.138
631.344
270.358
812.637
997.483
566.564
407.973
564.54
401.765
869.365
735.309
862.163
475.109
587.304
658.906
413.54
696.189
929.078
914.784
728.171
752.807
116.123
276.386
830.31
208.916
392.403
333.011
893.49
878.558
676.389
72.6497
772.249
451.128
230.601
378.192
834.283
256.326
992.677
678.007
730.089
270.995
929.008
864.864
158.111
761.787
0
295.213
639.651
659.943
700.859
481.841
472.082
202.286
327.367
596.795
794.8
482.037
463.909
622.452
569.991
800.857
501.269
488.347
383.05
500.354
757.036
624.799
200.283
533.812
662.334
427.847
544.383
331.709
471.873
587.562
765.223
799.084
698.343
792.996
416.813
319.404
638.128
332.648
429.158
713.328
756.07
526.405
353.48
865.338
240.569
615.133
151.818
187.43
979.518
322.085
569.166
687.681
808.082
704.324
576.987
519.302
644.824
962.339
273.094
368.063
570.061
781.658
279.533
898.5
417.644
619.348
426.053
411.875
394.838
311.198
391.712
489.677
489.945
293.624
495.095
576.944
794.864
685.327
738.323
953.316
480.151
760.282
488.967
469.135
597.761
743.89
662.23
382.561
573.492
618.974
386.173
538.853
274.421
183.865
649.446
898.23
504.888
606.034
620.201
717.313
295.213
0
808.405
895.227
505.447
472.951
415.062
410.752
545.041
750.159
548.7
355.848
368.743
749.184
729.179
710.979
645.713
551.826
596.311
573.744
512.98
882.839
422.089
473.693
894.999
638.402
770.663
342.588
697.263
701.991
821.117
861.316
868.825
712.429
378.302
37.3482
427.81
576.971
305.566
618.349
742.871
580.717
574.972
589.317
78.3597
711.493
267.554
454.191
892.313
90.8191
787.001
759.892
753.656
760.414
454.013
797.139
780.351
858.895
158.091
308.172
496.789
604.05
446.557
884.347
326.01
835.045
233.412
336.295
535.101
381.448
366.651
642.589
371.821
296.235
236.61
450.563
717.103
661.647
466.661
882.759
354.469
805.369
558.991
212.775
519.254
680.524
368.96
447.567
575.001
557.808
424.782
493.64
544.629
423.858
770.841
765.843
346.378
710.592
562.641
751.851
639.651
808.405
0
424.591
826.203
455.254
528.338
791.567
458.931
271.191
1029.1
1107.91
671.115
626.139
293.623
766.414
354.85
345.635
540.639
488.635
978.005
512.658
603.165
576.458
373.365
878.675
307.434
967.738
687.224
779.702
952.314
324.196
193.987
809.713
584.28
822.789
911.711
365.16
678.174
909.557
911.417
548.719
362.772
1149.23
806.6
690.985
578.11
483.387
879.455
883.595
548.265
454.073
870.23
584.654
884.286
440.208
131.085
905.71
880.181
988.062
988.993
876.523
576.123
604.848
729.869
244.642
844.909
804.231
281.535
443.734
708.265
171.201
800.537
737.831
1004.87
694.299
856.003
849.921
1047.4
870.012
790.509
480.098
486.193
961.797
587.091
741.597
1076.79
425.469
546.077
901.613
968.782
602.96
718.099
477.676
144.953
928.499
1114.85
321.387
719.961
778.501
659.943
895.227
424.591
0
1056.85
740.225
760.994
756.007
354.702
310.329
1275.94
1111.73
927.883
412.032
292.551
885.236
662.551
669.245
346.973
798.111
1213.77
134.566
515.375
731.466
56.9603
854.03
152.295
921.221
401.111
539.186
719.526
678.595
313.894
864.472
679.037
904.638
1007.54
465.003
789.835
883.68
783.649
526.436
327.29
1358.03
864.829
499.91
628.245
525.696
990.986
941.37
212.499
839.909
839.917
542.419
874.362
406.02
438.308
1013.04
907.426
1019.64
891.383
1044.1
484.713
808.808
952.058
180.063
1021.51
777.388
466.03
653.134
688.66
478.429
1033.11
889.39
1053.03
980.361
868.78
756.925
1252.62
938.293
820.753
592.491
792.95
1093.34
897.128
804.112
1202.64
547.884
624.403
822.294
855.274
699.814
660.911
486.73
556.556
1029.43
1107.06
702.377
748.133
580.971
700.859
505.447
826.203
1056.85
0
398.433
315.001
877.765
785.811
784.84
298.558
822.769
408.73
874.94
786.019
444.769
743.934
534.299
855.683
649.405
213.42
1107.81
765.84
345.547
1039.23
1081.74
922.05
842.643
1010.45
921.437
987.183
677.964
882.13
527.102
417.217
491.085
327.152
810.718
339.967
601.206
801.458
624.276
778.329
360.471
579.13
842.394
582.08
763.216
584.2
577.466
998.091
721.066
667.41
723.942
538.615
1051.37
750.103
552.088
661.766
796.682
745.369
235.881
724.979
597.816
499.003
942.198
484.351
575.386
623.127
511.731
559.684
695.992
514.283
641.072
545.422
300.476
585.403
713.845
317.157
631.123
456.123
662.242
634.54
527.59
310.382
510.369
419.451
513.779
505.491
677.016
878.776
418.06
966.338
713.045
722.966
477.311
784.178
702.619
502.925
613.965
481.841
472.951
455.254
740.225
398.433
0
121.016
671.991
513.472
492.948
574.325
820.657
264.608
705.667
497.372
551.027
358.008
137.591
610.198
311.265
524.877
791.989
544.882
293.783
711.872
828.609
591.492
757.1
779.11
792.036
931.852
413.909
558.181
621.577
325.672
482.608
553.459
448.398
344.742
701.42
814.117
488.66
465.183
697.527
509.422
713.27
378.726
451.526
709.759
563.125
736.466
384.335
731.261
605.133
628.894
680.07
415.489
707.3
602.222
722.867
783.694
524.265
521.171
542.38
363.05
599.943
457.689
570.66
276.738
180.034
505.79
310.634
423.67
459.263
654.072
251.658
678.622
726.226
595.688
728.483
510.561
513.97
296.284
576.53
159.647
565.276
658.329
268.446
409.119
719.013
801.07
377.259
697.006
428.975
357.108
678.09
818.297
323.111
527.508
520.538
472.082
415.062
528.338
760.994
315.001
121.016
0
669.086
505.086
504.379
526.161
770.549
291.301
658.413
504.148
455.812
465.707
249.555
590.743
417.332
463.09
810.839
519.893
190.319
739.754
857.69
618.806
715.318
757.793
731.3
852.739
467.645
596.67
519.851
228.766
416.122
434.34
505.892
232.975
589.146
718.524
422.867
478.497
625.907
460.387
651.665
345.815
479.947
624.875
504.583
726.447
504.793
630.25
547.852
516.382
741.713
466.404
614.741
554.307
695.771
685.766
416.642
482.693
510.869
384.454
638.627
437.986
475.645
310.394
221.019
415.745
386.46
443.907
478.242
566.435
262.287
573.612
628.529
529.77
640.457
400.233
482.865
401.262
531.011
193.517
467.94
569.524
231.424
332.167
614.918
744.059
277.81
716.815
432.443
443.617
572.473
752.843
441.425
423.78
942.293
202.286
410.752
791.567
756.007
877.765
671.991
669.086
0
460.94
760.837
929.378
432.484
610.299
752.06
731.212
992.948
626.211
666.272
487.587
627.425
903.628
687.414
315.783
732.804
765.775
266.677
663.962
258.59
509.731
677.819
854.971
985.781
851.753
974.897
610.9
436.859
795.478
441.822
613.765
863.934
887.018
702.117
495.807
991.441
336.687
743.95
350.057
308.342
1171.12
395.179
658.441
823.622
971.807
876.826
718.122
557.659
816.036
1151.31
309.669
306.721
651.504
964.386
419.525
1098.55
532.179
745.545
522.036
544.894
577.136
497.707
548.804
653.947
589.026
360.673
574.953
739.282
966.689
827.103
862.547
1139.74
638.35
950.626
619.528
537.319
778.91
929.495
766.42
581.088
765.816
745.407
352.178
732.167
169.502
344.844
817.012
1080.91
487.032
753.28
798.035
616.788
327.367
545.041
458.931
354.702
785.811
513.472
505.086
460.94
0
323.106
975.278
767.257
647.194
342.953
287.453
705.611
529.08
488.113
105.25
607.071
915.797
347.236
175.766
488.645
364.183
638.375
255.82
589.892
271.329
386.235
589.494
654.938
436.443
682.226
391.047
553.639
706.196
297.597
481.875
646.293
609.575
330.778
100.861
1044.29
512.862
374.882
282.187
257.183
857.208
587.618
259.28
723.285
670.562
464.771
582.445
415.814
444.234
857.875
556.502
684.118
596.256
795.625
145.526
740.576
655.383
344.671
694.624
453.357
272.064
385.405
374.478
375.688
736.819
583.786
702.194
715.605
681.563
555.056
933.262
811.65
510.845
545.674
596.669
748.468
667.844
623.842
862.604
289.034
430.397
563.559
539.738
459.715
430.129
165.169
523.004
831.851
758.971
596.918
521.527
538.699
596.795
750.159
271.191
310.329
784.84
492.948
504.379
760.837
323.106
0
1029.45
1040.8
725.827
364.915
39.3188
606.715
539.115
447.214
372.425
642.351
961.483
414.394
487.886
461.414
284.502
911.702
215.551
888.16
523.469
540.914
695.223
405.378
154.186
614.256
451.974
754.314
779.578
431.831
567.653
695.043
659.575
320.791
271.097
1113.94
746.205
432.545
502.942
486.231
715.386
816.777
358.011
664.633
638.361
332.104
698.407
523.504
193.836
739.731
813.997
955.642
793.832
767.23
420.592
508.601
782.789
203.346
855.647
637.357
262.921
467.84
534.604
296.369
860.823
777.446
902.941
741.65
642.772
608.965
1021.09
680.115
631.001
305.349
633.727
937.695
637.588
548.308
1002.36
317.871
360.952
683.58
839.955
444.506
715.28
419.619
343.018
762.83
1022.93
528.093
520.216
864.862
794.8
548.7
1029.1
1275.94
298.558
574.325
526.161
929.378
975.278
1029.45
0
784.184
429.931
1121.2
1027.79
737.439
849.565
694.032
1048.95
711.838
90.8823
1308.01
916.608
614.116
1258.02
1100.71
1132.81
869.652
1189.69
1135.92
1209.9
911.439
1119.49
808.278
647.2
541.211
506.761
946.142
546.465
832.025
1040.58
879.945
968.343
175.638
624.216
1084.73
721.456
884.476
870.014
597.969
1214.32
805.897
933.484
1003.59
730.392
1189.28
979.512
832.069
687.301
763.573
892.433
499.04
906.093
886.35
476.001
1159.17
425.602
740.699
821.785
653.153
754.518
880.932
442.785
633.559
567.033
350.765
854.411
953.499
133.791
919.104
649.102
949.431
699.79
448.34
455.223
796.533
364.175
735.362
779.668
880.745
956.329
685.301
1038.56
863.729
919.72
743.78
766.735
829.37
767.068
1000.15
482.037
355.848
1107.91
1111.73
822.769
820.657
770.549
432.484
767.257
1040.8
784.184
0
673.916
963.951
1012.74
1021.22
919.455
881.626
784.558
851.474
772.567
1060.88
598.129
812.959
1123.76
612.908
1011.65
213.089
812.713
846.277
945.077
1206.2
1161.39
995.992
702.375
359.947
681.634
807.114
635.077
832.391
924.732
860.023
819.974
779.402
318.093
915.291
543.732
664.478
1195.53
267.53
972.933
1056.37
996.337
1040.53
658.438
974.914
1096.23
1154.54
232.134
174.62
574.511
904.486
656.544
1226.29
586.118
1092.38
462.141
538.07
842.455
702.855
610.385
946.777
602.42
483.763
332.682
772.542
976.527
864.782
675.587
1174.03
611.154
1127.9
840.044
349.801
863.185
975.199
514.95
769.661
889.181
727.51
354.273
812.854
601.008
656.915
1092.34
1047.29
115.702
1015.15
842.707
797.118
463.909
368.743
671.115
927.883
408.73
264.608
291.301
610.299
647.194
725.827
429.931
673.916
0
887.461
722.402
725.148
433.021
332.593
739.279
298.616
415.848
949.321
608.786
469.012
905.012
745.648
777.811
665.93
884.439
922.259
1062.18
664.874
795.16
787.164
460.225
387.891
575.821
537.61
414.183
810.337
951.681
676.637
616.468
570.027
413.569
879.599
417.497
497.6
893.475
447.938
900.492
449.106
890.467
824.222
691.144
774.339
660.391
875.6
495.868
567.421
814.921
606.746
622.607
782.772
122.227
803.297
234.384
613.519
474.249
275.223
589.106
509.296
162.37
289.104
558.44
145.276
832.753
860.98
446.509
916.869
569.086
765.829
285.015
380.108
239.648
742.716
533.564
456.317
612.639
807.149
766.144
547.345
672.661
510.02
580.97
814.324
693.766
451.113
679.55
453.682
622.452
749.184
626.139
412.032
874.94
705.667
658.413
752.06
342.953
364.915
1121.2
963.951
887.461
0
334.829
611.628
817.838
712.383
289.442
893.402
1043.65
449.665
439.169
537.976
440.683
955.446
407.952
799.601
361.483
209.716
338.078
729.126
496.538
542.529
475.084
741.357
723.887
624.508
578.186
510.774
374.295
252.732
398.719
1154.45
732.618
94.6022
533.358
597.069
711.876
785.468
259.728
973.73
465.348
260.825
541.099
702.186
553.97
719.497
772.572
932.192
561.636
787.779
344.68
671.064
920.264
467.044
933.98
497.247
497.464
644.234
417.339
602.528
998.553
880.367
823.559
913.203
515.466
361.212
1071.67
635.591
534.995
452.21
881.369
959.368
842.024
499.225
975.808
441.707
391.395
451.717
679.347
460.286
745.782
491.508
692.293
718.524
917.796
841.477
429.215
533.857
569.991
729.179
293.623
292.551
786.019
497.372
504.148
731.212
287.453
39.3188
1027.79
1012.74
722.402
334.829
0
609.915
543.25
455.03
333.579
645.16
959.687
389.371
453.474
458.246
272.251
885.976
195.946
856.675
484.833
505.477
664.922
439.171
184.026
610.773
437.658
733.213
767.19
417.071
553.959
677.534
636.888
300.749
241.774
1109.08
722.371
402.574
478.383
463.262
723.588
793.149
323.298
679.304
627.196
325.132
676.755
509.241
225.23
745.226
787.586
929.5
763.483
767.198
385.437
532.15
774.522
201.818
842.687
610.293
256.578
459.972
508.267
304.288
853.567
761.778
880.191
743.718
634.463
586.837
1014.56
684.714
610.735
323.691
636.156
920.547
645.215
545.316
987.751
305.212
355.059
658.068
804.856
436.282
686.941
392.31
367.938
763.024
994.453
542.1
507.752
186.259
800.857
710.979
766.414
885.236
444.769
551.027
455.812
992.948
705.611
606.715
737.439
1021.22
725.148
611.628
609.915
0
874.537
648.193
740.357
861.262
647.723
963.043
748.514
287.257
876.705
1226.05
794.33
968.743
886.447
705.32
715.067
599.518
719.648
129.548
384.136
689.344
398.391
855.73
408.147
360.155
500.256
398.62
714.099
748.205
757.828
578.462
649.375
826.538
183.178
775.365
815.002
899.91
298.96
389.545
440.001
1051.49
644.918
166.111
833.506
1012.41
664.13
262.12
657.103
325.153
813.657
807.625
811.679
542.349
606.938
641.4
488.41
699.969
862.905
895.265
725.607
651.077
220.369
434.965
723.314
194.423
425.069
364.451
846.188
839.026
572.271
123.129
710.646
473.34
277.966
495.69
916.477
264.727
1051.21
731.604
709.7
164.313
954.811
821.591
243.465
896.794
501.269
645.713
354.85
662.551
743.934
358.008
465.707
626.211
529.08
539.115
849.565
919.455
433.021
817.838
543.25
874.537
0
235.218
631.442
163.778
825.084
690.175
581.712
611.92
624.327
667.785
520.566
816.58
770.594
905.271
1092.32
515.906
532.636
929.401
595.92
671.95
876.348
274.695
638.754
985.188
1042.21
687.215
444.597
992.475
643.917
855.776
491.999
367.901
1025.06
717.99
727.377
228.559
1008.49
798.596
900.16
436.712
426.888
1032.53
713.808
771.327
991.69
880.36
605.122
794.12
460.272
514.78
603.086
789.113
333.859
300.49
721.46
245.639
519.003
466.705
875.571
504.514
975.923
964.145
873.442
1031.05
781.732
714.364
168.041
742.774
458.448
865.406
928.906
465.861
667.864
959.619
886.151
669.421
571.176
429.686
313.895
1016.08
955.573
149.075
811.187
691.986
488.347
551.826
345.635
669.245
534.299
137.591
249.555
666.272
488.113
447.214
694.032
881.626
332.593
712.383
455.03
648.193
235.218
0
591.413
236.849
652.324
722.223
545.452
395.31
634.385
788.525
518.553
795.823
757.762
813.079
972.751
370.684
481.687
714.238
412.163
567.698
680.225
362.019
454.549
796.522
880.249
528.192
417.584
826.195
572.759
736.796
410.483
406.367
798.239
637.946
699.343
286.155
812.464
634.419
727.909
576.469
338.518
803.974
659.855
764.174
862.324
653.732
532.345
585.07
411.238
515.314
532.167
650.8
228.22
185.287
577.21
201.942
475.323
476.929
754.799
351.275
769.43
796.978
719.678
811.446
610.587
532.619
225.49
662.418
262.624
652.395
780.494
302.206
471.898
800.496
842.198
465.446
657.862
406.836
249.242
788.205
891.37
195.187
614.41
628.093
383.05
596.311
540.639
346.973
855.683
610.198
590.743
487.587
105.25
372.425
1048.95
784.558
739.279
289.442
333.579
740.357
631.442
591.413
0
710.594
986.811
320.057
194.208
550.154
372.217
669.411
291.929
596.328
175.94
302.058
512.785
736.036
488.636
699.214
446.39
601.442
739.957
388.03
535.907
638.617
568.326
347.34
195.572
1105.31
558.261
319.625
349.197
339.016
884.226
627.144
193.646
827.922
661.39
467.092
584.239
465.484
521.138
883.937
589.228
717.415
565.84
844.124
156.447
792.852
742.301
387.466
767.23
457.679
372.151
484.623
386.84
474.608
822.781
660.329
728.248
807.145
685.559
526.859
997.691
828.129
532.578
585.409
700.212
804.883
761.965
645.767
906.468
369.206
471.098
539.21
515.618
505.1
458.938
250.907
615.326
857.563
769.173
700.444
538.46
908.619
500.354
573.744
488.635
798.111
649.405
311.265
417.332
627.425
607.071
642.351
711.838
851.474
298.616
893.402
645.16
861.262
163.778
236.849
710.594
0
698.511
822.174
622.96
593.593
763.765
682.19
649.993
784.779
853.508
963.496
1138.83
571.494
658.546
925.158
584.202
600.886
813.67
380.978
596.845
975.573
1066.13
728.051
538.301
862.842
584.947
916.337
488.615
422.366
1018.49
648.068
834.374
209.818
1018.92
854.6
875.686
574.659
532.556
1018.16
658.334
705.713
979.348
818.985
649.33
815.537
327.159
653.611
481.306
772.156
403.327
280.658
718.877
354.644
373.62
377.547
799.933
376.679
974.95
981.51
743.498
1034.96
751.886
768.05
16.889
631.202
365.219
866.561
822.078
490.153
687.766
958.39
878.153
665.176
611.262
479.848
412.841
987.659
890.538
212.346
811.235
775.136
757.036
512.98
978.005
1213.77
213.42
524.877
463.09
903.628
915.797
961.483
90.8823
772.567
415.848
1043.65
959.687
647.723
825.084
652.324
986.811
698.511
0
1249.62
863.301
533.53
1197.03
1089.93
1073.44
842.819
1129.89
1062.2
1130.7
854.197
1056.68
717.574
571.866
501.685
424.595
907.617
471.516
746.313
955.943
800.396
911.601
181.835
590.615
1005.77
670.257
845.484
781.912
567.674
1148.17
791.723
843.855
919.637
651.908
1152.03
920.056
743.332
658.901
755.683
825.624
409.195
844.353
808.205
473.902
1100.19
424.477
672.042
765.501
609.444
682.239
832.479
455.941
626.951
527.321
327.452
764.153
869.068
134.749
829.203
572.376
869.439
685.187
446.056
414.006
706.67
333.827
668.408
697.306
801.729
913.965
602.203
1011.38
814.533
871.628
654.155
745.467
801.431
680.033
849.603
624.799
882.839
512.658
134.566
1107.81
791.989
810.839
687.414
347.236
414.394
1308.01
1060.88
949.321
449.665
389.371
963.043
690.175
722.223
320.057
822.174
1249.62
0
477.664
790.439
175.844
768.95
221.286
860.353
322.975
525.712
718.399
786.218
434.349
933.675
717.483
894.354
1038.6
456.76
820.012
919.05
812.479
581.486
340.243
1386.48
841.769
527
621.522
498.431
1080.58
918.186
197.231
889.033
897.235
625.243
891.799
362.518
540.66
1096.55
871.793
968.514
875.461
1104.04
469.899
918.32
956.4
280.875
1017.41
776.167
515.919
678.003
698.585
538.656
1037.07
868.996
1039.89
1018.81
929.377
788.341
1275.13
1024.39
839.913
699.689
817.347
1080.39
951.514
875.204
1209.56
594.211
693.083
834.803
793.256
756.365
581.203
470.85
642.065
1099.97
1062.83
755.487
800.292
666.649
200.283
422.089
603.165
515.375
765.84
544.882
519.893
315.783
175.766
487.886
916.608
598.129
608.786
439.169
453.474
748.514
581.712
545.452
194.208
622.96
863.301
477.664
0
516.87
530.157
536.972
425.41
415.089
285.537
398.485
591.377
779.021
606.027
717.001
391.06
431.638
651.322
352.979
445.079
627.958
615.627
403.915
250.712
971.795
374.209
436.187
199.459
237.339
914.49
445.319
386.018
778.994
699.051
569.382
523.54
493.643
591.745
902.756
399.714
523.832
494.938
790.138
107.894
843.548
589.992
515.042
597.07
362.8
371.163
392.13
318.494
486.187
666.925
489.835
569.863
696.014
705.873
557.599
856.116
870.37
451.912
668.085
611.359
625.423
683.065
667.05
757.666
345.64
495.666
517.916
371.525
489.301
337.459
152.733
645.007
851.701
592.596
670.176
540.233
330.983
533.812
473.693
576.458
731.466
345.547
293.783
190.319
732.804
488.645
461.414
614.116
812.959
469.012
537.976
458.246
287.257
611.92
395.31
550.154
593.593
533.53
790.439
516.87
0
718.763
952.25
609.938
745.418
713.02
617.523
706.585
493.45
581.735
333.471
136.669
461.831
347.976
591.041
183.034
419.711
547.852
285.733
486.268
670.356
515.363
518.285
383.844
555.019
464.745
551.137
668.101
668.356
441.412
393.82
387.563
807.936
481.177
452.68
600.843
770.108
583.374
322.899
445.7
413.714
549.252
635.285
566.661
393.081
358.237
356.283
321.635
464.899
609.243
617.416
565.26
431.161
385.469
459.494
596.349
464.643
296.019
365.907
577.757
620.391
359.814
279.58
588.229
215.829
167.994
470.217
727.253
97.0959
786.266
471.852
517.336
412.167
770.305
585.119
240.745
780.104
662.334
894.999
373.365
56.9603
1039.23
711.872
739.754
765.775
364.183
284.502
1258.02
1123.76
905.012
440.683
272.251
876.705
624.327
634.385
372.217
763.765
1197.03
175.844
530.157
718.763
0
858.551
129.118
937.573
443.24
577.869
758.274
634.036
267.657
864.23
673.953
905.405
1007.58
444.166
785.095
896.897
808.282
530.855
321.311
1345.93
867.609
528.527
627.503
518.477
982.142
945.458
258.056
795.166
850.636
545.586
886.836
388.543
393.785
1005.99
914.619
1026.04
916.31
1033.58
499.964
783.353
933.259
130.17
1010.14
791.287
440.858
631.85
699.727
439.316
1013.65
877.721
1060.34
954.663
874.525
776.997
1240.43
934.364
827.354
573.756
759.195
1089.04
867.402
802.003
1200.97
534.973
617.59
843.008
880.823
693.72
668.551
485.073
508.518
1025.31
1121.38
658.011
751.582
1181.93
427.847
638.402
878.675
854.03
1081.74
828.609
857.69
266.677
638.375
911.702
1100.71
612.908
745.648
955.446
885.976
1226.05
667.785
788.525
669.411
682.19
1089.93
768.95
536.972
952.25
858.551
0
774.002
480.149
668.589
896.93
1087.03
1115.02
966.986
1218.77
842.493
670.177
1044.84
515.919
850.924
1125.03
1138.46
925.689
645.917
1183.84
571.71
964.506
577.485
440.214
1403.55
625.48
804.344
864.788
1222.5
1090.07
982.29
545.897
938.674
1388.79
544.58
466.117
914.953
1196.72
643.648
1289.65
653.958
842.99
677.299
809.497
729.715
654.961
805.4
761.599
697.009
473.398
814.819
887.582
1217.18
1080.69
1050.14
1376.37
896.743
1141.56
680.73
715.601
930.704
1168.3
984.197
781.518
987.518
1008.19
590.384
963.07
210.725
525.9
914.538
1325.76
697.008
814.225
1044.16
710.294
544.383
770.663
307.434
152.295
922.05
591.492
618.806
663.962
255.82
215.551
1132.81
1011.65
777.811
407.952
195.946
794.33
520.566
518.553
291.929
649.993
1073.44
221.286
425.41
609.938
129.118
774.002
0
833.218
403.718
535.994
726.96
568.761
242.569
787.966
559.647
781.883
897.444
332.896
667.251
816.063
754.174
446.238
196.951
1222.28
745.708
484.542
503.702
401.217
916.23
824.244
249.945
699.008
787.314
496.389
790.169
340.577
322.918
934.758
797.035
911.248
829.726
929.853
396.645
722.626
805.47
98.8809
881.474
687.635
316.837
503.851
595.746
330.843
886.13
753.491
942.876
830.515
801.951
710.781
1114.55
874.107
720.34
518.776
644.131
962.228
749.111
723.657
1078.36
415.414
525.896
762.325
789.119
591.657
579.748
363.482
427.695
943.035
1010.49
560.818
663.487
918.539
331.709
342.588
967.738
921.221
842.643
757.1
715.318
258.59
589.892
888.16
869.652
213.089
665.93
799.601
856.675
968.743
816.58
795.823
596.328
784.779
842.819
860.353
415.089
745.418
937.573
480.149
833.218
0
608.099
678.951
805.532
1106.96
1006.54
934.268
618.034
352.63
690.735
653.725
584.913
773.219
821.037
732.875
650.473
887.026
271.834
760.779
417.252
506.986
1144.63
275.392
779.024
987.142
917.593
912.532
609.524
797.743
962.646
1111.92
186.655
200.114
501.992
905.183
486.983
1146.12
586.9
920.002
505.04
453.76
712.185
611.105
506.245
818.779
628.806
449.429
397.923
775.53
911.283
765.518
772.601
1111.11
557.554
1014.82
773.589
443.879
837.079
904.422
620.469
655.499
789.758
645.967
189.23
732.952
422.84
495.189
975.938
1019.43
244.112
923.226
763.925
755.619
471.873
697.263
687.224
401.111
1010.45
779.11
757.793
509.731
271.329
523.469
1189.69
812.713
884.439
361.483
484.833
886.447
770.594
757.762
175.94
853.508
1129.89
322.975
285.537
713.02
443.24
668.589
403.718
608.099
0
296.579
500.215
904.358
624.033
828.727
600.887
702.274
861.473
505.554
679.156
731.509
623.605
492.827
352.115
1235.09
645.878
383.99
478.929
447.744
1023.38
707.946
218.675
979.993
762.139
593.775
676.969
519.389
680.07
1020.87
652.797
758.984
597.595
990.763
286.949
954.221
870.932
500.374
882.074
545.896
542.548
641.116
498.971
634.345
948.926
762.351
806.185
963.609
800.178
603.06
1126.8
957.752
646.5
739.133
844.211
901.518
929.204
782.217
1011.11
541.465
628.308
605.81
499.935
659.783
470.578
384.2
776.342
990.61
799.445
854.468
668.857
543.981
587.562
701.991
779.702
539.186
921.437
792.036
731.3
677.819
386.235
540.914
1135.92
846.277
922.259
209.716
505.477
705.32
905.271
813.079
302.058
963.496
1062.2
525.712
398.485
617.523
577.869
896.93
535.994
678.951
296.579
0
213.267
900.395
677.351
616.482
520.083
691.474
711.59
682.552
595.236
492.537
338.828
361.267
475.905
1148.62
673.034
159.762
526.129
613.59
819.601
714.465
334.7
1079.9
509.897
428.953
489.247
761.512
721.417
811.914
689.184
840.769
422.982
836.843
325.793
835.053
931.82
616.695
915.488
424.589
602.066
701.101
382.532
724.154
1006.74
865.243
740.013
965.718
566.089
340.477
1064.1
739.629
506.749
632.089
950.657
910.366
923.118
586.209
928.241
526.195
502.415
373.695
527.587
534.786
698.199
509.166
841.719
780.905
793.117
954.201
479.85
538.368
765.223
821.117
952.314
719.526
987.183
931.852
852.739
854.971
589.494
695.223
1209.9
945.077
1062.18
338.078
664.922
715.067
1092.32
972.751
512.785
1138.83
1130.7
718.399
591.377
706.585
758.274
1087.03
726.96
805.532
500.215
213.267
0
1024.93
833.246
600.864
627.923
802.478
734.281
885.731
687.164
447.586
236.954
467.524
675.174
1194.83
802.418
262.997
690.396
812.799
796.384
826.463
525.557
1250.47
451.821
485.776
496.849
973.12
875.9
783.66
814.13
973.24
421.918
857.385
513.986
887.412
1078.5
797.721
1042.95
498.931
774.854
865.399
480.77
901.276
1148.36
1027.66
802.157
1087.5
527.694
294.281
1130.09
704.982
561.619
707.792
1124.86
1016.96
1045.6
592.965
976.542
673.053
585.512
347.881
636.4
612.413
895.772
703.759
1003.41
752.529
870.934
1127.79
508.071
651.027
799.084
861.316
324.196
678.595
677.964
413.909
467.645
985.781
654.938
405.378
911.439
1206.2
664.874
729.126
439.171
599.518
515.906
370.684
736.036
571.494
854.197
786.218
779.021
493.45
634.036
1115.02
568.761
1106.96
904.358
900.395
1024.93
0
374.153
683.606
575.316
866.592
830.561
616.029
650.898
858.949
911.719
573.027
580.307
1028.22
888.197
772.96
691.025
695.437
675.862
948.512
761.019
481.765
793.796
565.212
866.255
753.371
246.702
710.601
977.159
1108.49
1036.19
709.941
724.195
357.017
765.255
513.427
871.449
844.602
416.696
522.045
750.832
359.791
821.725
844.002
1022.49
617.738
756.124
844.429
955.663
697.877
778.696
364.603
565.955
987.39
477.18
623.765
1027.45
471.643
492.3
910.172
1108.04
542.121
957.091
663.34
226.563
756.76
1194.58
398.939
660.624
668.365
698.343
868.825
193.987
313.894
882.13
558.181
596.67
851.753
436.443
154.186
1119.49
1161.39
795.16
496.538
184.026
719.648
532.636
481.687
488.636
658.546
1056.68
434.349
606.027
581.735
267.657
966.986
242.569
1006.54
624.033
677.351
833.246
374.153
0
741.526
587.317
876.836
915.164
465.712
698.497
843.552
806.055
472.983
363.451
1218.93
864.3
573.431
620.594
558.16
811.925
938.638
441.965
639.669
775.672
460.192
849.325
509.567
158.404
844.111
933.392
1061.55
946.404
880.888
554.047
556.777
855.43
165.569
948.57
786.181
343.403
545.438
684.01
307.343
930.902
854.112
1037.85
809.296
777.878
758.889
1125.04
785.325
777.19
384.424
653.403
1045.94
695.759
675.734
1127.25
441.806
496.516
837.517
970.435
579.312
782.208
518.251
299.5
880.888
1152.81
505.668
663.759
95.5045
792.996
712.429
809.713
864.472
527.102
621.577
519.851
974.897
682.226
614.256
808.278
995.992
787.164
542.529
610.773
129.548
929.401
714.238
699.214
925.158
717.574
933.675
717.001
333.471
864.23
1218.77
787.966
934.268
828.727
616.482
600.864
683.606
741.526
0
389.48
687.826
393.331
872.4
419.563
252.051
377.944
359.361
707.599
801.783
751.163
495.765
644.949
830.54
227.517
766.109
768.644
981.628
170.644
344.631
368.637
1057.47
689.244
201.627
817.189
1001.5
577.04
331.667
619.887
415.061
862.555
812.523
846.298
487.599
635.194
681.199
440.022
743.536
916.001
921.949
704.37
730.867
91.6604
320.225
774.386
178.995
385.541
395.044
909.608
856.333
662.439
68.3862
722.309
491.028
279.916
395.069
859.211
273.75
1037.32
725.949
773.242
177.089
920.93
892.722
179.616
372.107
416.813
378.302
584.28
679.037
417.217
325.672
228.766
610.9
391.047
451.974
647.2
702.375
460.225
475.084
437.658
384.136
595.92
412.163
446.39
584.202
571.866
717.483
391.06
136.669
673.953
842.493
559.647
618.034
600.887
520.083
627.923
575.316
587.317
389.48
0
366.92
341.751
523.284
118.683
392.717
499.621
240.747
408.602
695.689
406.764
448.122
265.419
460.833
563.909
448.593
588.432
694.636
450.583
400.237
319.583
738.839
505.634
546.608
486.38
660.92
478.466
407.954
323.457
530.477
513.074
604.762
515.178
275.852
325.683
313.637
198.498
456.924
580.354
543.084
480.071
463.254
412.979
409.736
606.452
545.031
212.763
433.071
567.971
555.009
420.532
338.398
556.44
163.439
197.128
393.88
592.856
126.237
672.384
368.084
549.893
490.909
660.667
602.8
238.482
695.359
319.404
37.3482
822.789
904.638
491.085
482.608
416.122
436.859
553.639
754.314
541.211
359.947
387.891
741.357
733.213
689.344
671.95
567.698
601.442
600.886
501.685
894.354
431.638
461.831
905.405
670.177
781.883
352.63
702.274
691.474
802.478
866.592
876.836
687.826
366.92
0
395.117
601.311
287.817
588.238
718.213
570.087
587.138
572.48
101.302
699.721
279.852
478.726
869.607
93.4279
791.123
782.908
727.606
748.246
422.38
821.823
789.159
834.429
171.473
329.794
469.659
579.546
448.848
874.373
352.987
846.602
255.106
311.83
546.781
399.798
348.424
658.623
396.777
332.876
205.446
459.435
690.505
637.115
453.915
859.39
325.902
797.725
585.787
220.563
525.868
658.499
343.541
449.117
562.692
529.994
422.316
478.194
572.207
440.723
784.49
738.52
338.472
732.015
540.139
447.332
638.128
427.81
911.711
1007.54
327.152
553.459
434.34
795.478
706.196
779.578
506.761
681.634
575.821
723.887
767.19
398.391
876.348
680.225
739.957
813.67
424.595
1038.6
651.322
347.976
1007.58
1044.84
897.444
690.735
861.473
711.59
734.281
830.561
915.164
393.331
341.751
395.117
0
836.666
250.506
331.758
548.814
509.437
740.952
468.186
486.76
661.727
516.798
748.641
549.986
466.47
887.958
930.751
464.864
624.205
244.439
1061.97
824.975
498.867
544.236
711.55
450.072
249.782
598.141
680.484
619.959
944.369
545.836
337.719
659.055
583.278
362.615
779.879
653.239
685.832
355.852
538.518
400.052
468.804
428.772
550.412
216.014
668.518
796.878
512.234
552.77
397.536
330.589
502.452
442.707
392.933
671.37
342.723
909.323
666.913
852.818
379.958
605.054
873.785
332.925
821.724
332.648
576.971
365.16
465.003
810.718
448.398
505.892
441.822
297.597
431.831
946.142
807.114
537.61
624.508
417.071
855.73
274.695
362.019
388.03
380.978
907.617
456.76
352.979
591.041
444.166
515.919
332.896
653.725
505.554
682.552
885.731
616.029
465.712
872.4
523.284
601.311
836.666
0
587.86
874.976
884.588
558.051
225.99
1056.51
547.586
664.771
352.043
147.561
1014.35
631.28
491.203
499.174
906.056
686.018
786.765
244.515
425.263
1018.3
599.092
670.256
824.714
897.602
392.869
827.161
534.279
374.023
629.262
648.587
259.116
301.9
580.531
256.333
610.373
459.399
795.661
631.972
895.332
817.84
931.837
993.695
683.62
677.974
376.664
730.629
594.235
808.469
918.125
385.642
597.808
810.929
686.784
610.956
358.361
215.868
411.882
994.171
836.542
388.356
723.381
427.22
429.158
305.566
678.174
789.835
339.967
344.742
232.975
613.765
481.875
567.653
546.465
635.077
414.183
578.186
553.959
408.147
638.754
454.549
535.907
596.845
471.516
820.012
445.079
183.034
785.095
850.924
667.251
584.913
679.156
595.236
687.164
650.898
698.497
419.563
118.683
287.817
250.506
587.86
0
397.435
546.055
349.709
502.994
584.257
351.757
539.954
289.989
509.457
590.861
376.168
692.205
721.761
491.134
504.091
291.097
815.291
605.572
562.445
433.005
607.002
461.923
355.135
395.736
594.858
461.719
714.199
436.453
260.174
413.909
342.294
225.742
537.661
519.231
507.957
384.161
412.022
441.531
454.605
494.529
582.733
170.642
531.844
580.009
460.399
401.828
382.484
438.481
263.899
295.187
404.427
579.38
198.647
700.273
429.416
629.052
483.949
589.052
648.439
284.516
263.175
713.328
618.349
909.557
883.68
601.206
701.42
589.146
863.934
646.293
695.043
832.025
832.391
810.337
510.774
677.534
360.155
985.188
796.522
638.617
975.573
746.313
919.05
627.958
419.711
896.897
1125.03
816.063
773.219
731.509
492.537
447.586
858.949
843.552
252.051
392.717
588.238
331.758
874.976
397.435
0
229.796
377.559
703.72
796.573
644.063
430.818
586.045
795.84
467.598
645.237
735.353
1078.67
184.291
433.513
175.516
1055.45
806.736
427.506
686.489
870.197
343.524
433.75
540.875
648.392
853.704
868.092
800.872
325.974
684.61
704.327
322.966
818.019
907.512
874.774
556.102
788.922
181.113
168.677
759.503
407.743
265.986
570.299
959.15
771.256
757.836
272.972
634.291
525.82
375.874
166.901
672.15
339.202
950.624
685.953
893.116
346.434
743.032
985.572
199.527
331.547
756.07
742.871
911.417
783.649
801.458
814.117
718.524
887.018
609.575
659.575
1040.58
924.732
951.681
374.295
636.888
500.256
1042.21
880.249
568.326
1066.13
955.943
812.479
615.627
547.852
808.282
1138.46
754.174
821.037
623.605
338.828
236.954
911.719
806.055
377.944
499.621
718.213
548.814
884.588
546.055
229.796
0
369.636
679.974
1016.97
746.975
286.753
645.11
814.003
576.714
762.565
616.702
1165.66
222.854
379.789
337.779
1020.53
813.425
556.791
777.834
956.296
375.897
643.025
521.155
718.168
987.173
811.564
947.983
411.828
717.026
788.139
389.644
848.044
1051.3
975.867
706.028
949.257
297.13
91.8761
968.129
488.772
417.661
581.103
1050.8
924.387
903.436
383.472
832.621
583.335
438.767
208.214
680.566
451.7
947.877
698.225
930.175
519.098
840.369
1053.57
316.676
286.956
526.405
580.717
548.719
526.436
624.276
488.66
422.867
702.117
330.778
320.791
879.945
860.023
676.637
252.732
300.749
398.62
687.215
528.192
347.34
728.051
800.396
581.486
403.915
285.733
530.855
925.689
446.238
732.875
492.827
361.267
467.524
573.027
472.983
359.361
240.747
570.087
509.437
558.051
349.709
377.559
369.636
0
362.371
919.457
586.981
240.191
393.58
522.661
537.006
635.78
423.002
808.687
355.302
184.587
387.928
715.365
453.464
537.442
649.457
823.766
503.135
548.692
299.17
493.296
727.577
491.419
741.816
363.582
355.811
464.791
264.203
480.763
801.313
728.385
663.348
681.207
361.806
301.624
840.25
483.49
346.35
312.33
713.92
777.305
608.495
301.866
772.119
239.542
146.505
368.64
653.664
209.402
726.808
411.731
562.385
521.924
811.932
690.12
221.804
643.203
353.48
574.972
362.772
327.29
778.329
465.183
478.497
495.807
100.861
271.097
968.343
819.974
616.468
398.719
241.774
714.099
444.597
417.584
195.572
538.301
911.601
340.243
250.712
486.268
321.311
645.917
196.951
650.473
352.115
475.905
675.174
580.307
363.451
707.599
408.602
587.138
740.952
225.99
502.994
703.72
679.974
362.371
0
1052.45
548.806
443.051
307.813
234.129
863.427
627.691
297.861
638.176
715.615
482.077
644.004
355.177
361.966
869.166
601.693
721.009
681.868
804.877
232.645
708.85
633.098
273.072
694.603
521.906
201.604
343.81
437.192
282.844
714.86
573.654
752.68
682.533
719.197
621.38
939.649
826.173
561.152
521.612
529.197
768
624.001
644.636
893.434
273.506
437.984
638.352
622.027
473.48
445.529
170.242
431.186
851.923
819.532
507.952
557.414
869.384
865.338
589.317
1149.23
1358.03
360.471
697.527
625.907
991.441
1044.29
1113.94
175.638
779.402
570.027
1154.45
1109.08
748.205
992.475
826.195
1105.31
862.842
181.835
1386.48
971.795
670.356
1345.93
1183.84
1222.28
887.026
1235.09
1148.62
1194.83
1028.22
1218.93
801.783
695.689
572.48
468.186
1056.51
584.257
796.573
1016.97
919.457
1052.45
0
664.948
1105.06
788.288
978.691
869.274
620.588
1273
967.388
913.764
1039.46
699.443
1300.08
1088.3
821.442
714.893
797.906
854.021
490.621
955.278
949.658
603.029
1256.43
515.646
737.49
922.738
764.611
769.868
1000.39
574.861
736.118
533.696
501.599
835.659
936.355
135.62
914.378
644.215
1011.86
849.612
485.234
594.87
803.94
293.74
812.618
824.717
851.319
957.557
723.821
1117.85
944.308
1048.01
717.341
742.179
978.214
773.551
747.713
240.569
78.3597
806.6
864.829
579.13
509.422
460.387
336.687
512.862
746.205
624.216
318.093
413.569
732.618
722.371
757.828
643.917
572.759
558.261
584.947
590.615
841.769
374.209
515.363
867.609
571.71
745.708
271.834
645.878
673.034
802.418
888.197
864.3
751.163
406.764
101.302
486.76
547.586
351.757
644.063
746.975
586.981
548.806
664.948
0
697.243
246.545
414.699
939.604
83.9452
751.402
778.275
778.737
770.346
478.413
755.36
786.451
908.035
94.3881
256.243
487.492
669.433
413.792
924.253
357.827
815.89
277.639
338.798
534.952
393.015
369.821
642.881
407.947
284.691
268.785
509.288
750.211
669.921
542.088
923.484
384.978
827.777
571.023
256.214
572.192
717.051
434.671
459.376
599.722
564.705
362.542
527.079
477.323
389.449
781.945
817.807
319.791
722.72
591.573
412.807
615.133
711.493
690.985
499.91
842.394
713.27
651.665
743.95
374.882
432.545
1084.73
915.291
879.599
94.6022
402.574
578.462
855.776
736.796
319.625
916.337
1005.77
527
436.187
518.285
528.527
964.506
484.542
760.779
383.99
159.762
262.997
772.96
573.431
495.765
448.122
699.721
661.727
664.771
539.954
430.818
286.753
240.191
443.051
1105.06
697.243
0
520.89
618.322
682.505
742.19
331.885
1008.65
402.088
270.761
463.56
761.877
613.408
682.486
733.384
899.073
476.981
743.089
337.967
684.179
909.774
548.123
907.985
431.83
530.76
653.34
362.152
649.038
985.576
871.8
761.829
902.914
456.624
275.273
1026.92
602.772
472.628
480.07
903.211
919.613
841.13
459.908
916.994
447.751
378.416
362.712
630.876
432.104
758.427
506.805
744.057
669.052
860.298
881.138
376.996
615.66
151.818
267.554
578.11
628.245
582.08
378.726
345.815
350.057
282.187
502.942
721.456
543.732
417.497
533.358
478.383
649.375
491.999
410.483
349.197
488.615
670.257
621.522
199.459
383.844
627.503
577.485
503.702
417.252
478.929
526.129
690.396
691.025
620.594
644.949
265.419
279.852
516.798
352.043
289.989
586.045
645.11
393.58
307.813
788.288
246.545
520.89
0
236.796
827.955
323.233
534.257
654.839
671.139
574.153
462.065
566.464
555.309
811.44
313.478
459.057
505.812
642.339
214.89
755.223
409.827
571.738
419.475
314.776
304.159
234.114
271.315
425.58
487.106
351.074
455.658
500.238
652.285
567.007
669.408
803.489
355.78
624.36
474.314
467.47
500.021
594.6
600.564
245.007
425.673
513.755
433.081
387.289
412.573
166.895
573.706
750.639
538.448
563.95
475.486
785.698
187.43
454.191
483.387
525.696
763.216
451.526
479.947
308.342
257.183
486.231
884.476
664.478
497.6
597.069
463.262
826.538
367.901
406.367
339.016
422.366
845.484
498.431
237.339
555.019
518.477
440.214
401.217
506.986
447.744
613.59
812.799
695.437
558.16
830.54
460.833
478.726
748.641
147.561
509.457
795.84
814.003
522.661
234.129
978.691
414.699
618.322
236.796
0
995.968
498.498
489.79
581.915
853.322
677.497
687.959
343.132
514.767
990.911
458.289
534.788
704.225
846.335
301.861
855.007
474.414
466.171
538.12
535.434
292.042
276.583
482.593
350.109
552.211
371.028
666.89
604.774
843.315
745.863
851.683
970.902
587.059
703.915
414.232
618.408
591.676
771.755
810.544
358.085
572.22
715.581
543.614
566.673
264.503
116.286
514.797
949.561
692.193
482.715
666.893
277.087
979.518
892.313
879.455
990.986
584.2
709.759
624.875
1171.12
857.208
715.386
870.014
1195.53
893.475
711.876
723.588
183.178
1025.06
798.239
884.226
1018.49
781.912
1080.58
914.49
464.745
982.142
1403.55
916.23
1144.63
1023.38
819.601
796.384
675.862
811.925
227.517
563.909
869.607
549.986
1014.35
590.861
467.598
576.714
537.006
863.427
869.274
939.604
682.505
827.955
995.968
0
954.63
931.438
1032.9
355.155
469.689
586.336
1196.68
751.113
65.3952
1013.5
1193.42
801.489
383.399
817.565
335.227
987.909
918.509
988.247
707.009
759.69
812.677
655.573
839.395
1034.11
1076.17
891.7
806.746
296.06
534.767
865.302
100.907
593.935
429.275
1004.23
1013.8
719.452
254.099
861.621
639.413
430.886
619.966
1081.38
440.795
1223.96
899.719
824.344
193.716
1123.65
957.122
396.135
771.288
322.085
90.8191
883.595
941.37
577.466
563.125
504.583
395.179
587.618
816.777
597.969
267.53
447.938
785.468
793.149
775.365
717.99
637.946
627.144
648.068
567.674
918.186
445.319
551.137
945.458
625.48
824.244
275.392
707.946
714.465
826.463
948.512
938.638
766.109
448.593
93.4279
466.47
631.28
376.168
645.237
762.565
635.78
627.691
620.588
83.9452
742.19
323.233
498.498
954.63
0
819.96
840.341
792.948
816.776
473.241
838.585
858.24
918.11
95.5175
246.081
476.962
665.269
479.246
964.154
390.217
894.716
278.263
350.914
609.565
463.302
401.206
719.22
427.046
334.01
198.668
533.366
761.735
686.961
502.865
940.439
391.194
878.52
634.063
210.279
608.452
738.587
372.651
522.333
642.442
568.991
370.575
561.628
546.5
471.014
853.399
819.167
256.614
791.736
614.069
683.314
569.166
787.001
548.265
212.499
998.091
736.466
726.447
658.441
259.28
358.011
1214.32
972.933
900.492
259.728
323.298
815.002
727.377
699.343
193.646
834.374
1148.17
197.231
386.018
668.101
258.056
804.344
249.945
779.024
218.675
334.7
525.557
761.019
441.965
768.644
588.432
791.123
887.958
491.203
692.205
735.353
616.702
423.002
297.861
1273
751.402
331.885
534.257
489.79
931.438
819.96
0
917.854
714.614
469.662
720.272
490.262
530.987
942.353
782.447
906.602
703.377
964.174
343.41
818.823
914.009
330.847
951.664
620.069
472.553
631.995
542.837
542.611
995.607
838.201
912.409
957.692
753.656
596.81
1170.45
866.659
684.455
592.29
825.855
995.853
892.165
715.489
1085.39
495.961
553.172
649.299
682.978
616.042
598.136
419.341
653.716
939.575
955.346
781.485
634.168
964.047
687.681
759.892
454.073
839.909
721.066
384.335
504.793
823.622
723.285
664.633
805.897
1056.37
449.106
973.73
679.304
899.91
228.559
286.155
827.922
209.818
791.723
889.033
778.994
668.356
795.166
864.788
699.008
987.142
979.993
1079.9
1250.47
481.765
639.669
981.628
694.636
782.908
930.751
499.174
721.761
1078.67
1165.66
808.687
638.176
967.388
778.275
1008.65
654.839
581.915
1032.9
840.341
917.854
0
1091.22
899.04
1005.08
650.874
505.412
1043.69
857.248
914.406
1134.11
882.132
787.973
780.236
509.71
672.263
663.979
922.356
480.629
426.712
855.843
382.295
543.945
585.946
976.014
468.751
1044.18
1082.94
863.845
1060.14
884.466
765.734
218.653
816.116
410.846
921.422
972.946
586.141
750.514
1084.25
1067.15
745.988
787.864
628.673
350.848
1036.68
1089.3
139.634
896.244
146.42
808.082
753.656
870.23
839.917
667.41
731.261
630.25
971.807
670.562
638.361
933.484
996.337
890.467
465.348
627.196
298.96
1008.49
812.464
661.39
1018.92
843.855
897.235
699.051
441.412
850.636
1222.5
787.314
917.593
762.139
509.897
451.821
793.796
775.672
170.644
450.583
727.606
464.864
906.056
491.134
184.291
222.854
355.302
715.615
913.764
778.737
402.088
671.139
853.322
355.155
792.948
714.614
1091.22
0
326.607
345.996
1069.26
754.526
334.429
830.511
1016.44
500.791
476.909
597.696
541.815
950.359
824.072
922.721
466.856
690.924
755.459
428.169
810.556
1008.99
980.602
725.51
855.335
89.9761
193.118
881.321
270.202
403.84
463.315
1003.31
915.982
794.517
197.18
788.6
547.599
345.676
305.68
811.008
356.179
1033.51
740.288
859.958
311.042
913.571
989.943
213.414
251.512
704.324
760.414
584.654
542.419
723.942
605.133
547.852
876.826
464.771
332.104
1003.59
1040.53
824.222
260.825
325.132
389.545
798.596
634.419
467.092
854.6
919.637
625.243
569.382
393.82
545.586
1090.07
496.389
912.532
593.775
428.953
485.776
565.212
460.192
344.631
400.237
748.246
624.205
686.018
504.091
433.513
379.789
184.587
482.077
1039.46
770.346
270.761
574.153
677.497
469.689
816.776
469.662
899.04
326.607
0
508.48
812.497
471.459
488.479
833.173
1008.27
631.441
609.372
463.832
421.858
888.715
516.706
911.656
526.191
471.658
613.651
434.954
566.771
960.943
902.323
828.895
808.584
351.152
342.168
974.773
402.589
494.461
223.332
841.616
950.977
714.476
294.471
918.886
387.737
226.185
464.84
819.997
321.78
886.085
571.943
606.243
515.414
987.031
777.395
295.65
379.814
576.987
454.013
884.286
874.362
538.615
628.894
516.382
718.122
582.445
698.407
730.392
658.438
691.144
541.099
676.755
440.001
900.16
727.909
584.239
875.686
651.908
891.799
523.54
387.563
886.836
982.29
790.169
609.524
676.969
489.247
496.849
866.255
849.325
368.637
319.583
422.38
244.439
786.765
291.097
175.516
337.779
387.928
644.004
699.443
478.413
463.56
462.065
687.959
586.336
473.241
720.272
1005.08
345.996
508.48
0
980.593
798.437
543.846
516.091
698.126
236.379
433.481
456.815
716.701
716.79
852.395
648.416
174.904
627.481
605.628
212.344
766.614
768.455
725.195
385.253
690.662
327.368
263.024
643.539
543.874
124.758
630.881
859.061
606.793
685.692
368.163
495.54
467.731
393.193
152.202
527.51
324.932
822.684
586.636
863.96
444.809
571.256
919.512
246.565
993.138
519.302
797.139
440.208
406.02
1051.37
680.07
741.713
557.659
415.814
523.504
1189.28
974.914
774.339
702.186
509.241
1051.49
436.712
576.469
465.484
574.659
1152.03
362.518
493.643
807.936
388.543
545.897
340.577
797.743
519.389
761.512
973.12
753.371
509.567
1057.47
738.839
821.823
1061.97
244.515
815.291
1055.45
1020.53
715.365
355.177
1300.08
755.36
761.877
566.464
343.132
1196.68
838.585
490.262
650.874
1069.26
812.497
980.593
0
534.018
1207.55
789.228
835.949
985.614
1124.53
539.624
989.691
762.092
369.667
856.935
837.333
459.301
545.413
768.7
422.641
833.656
664.531
1007.4
870.447
1073.43
968.776
1174.33
1166.17
890.709
817.231
575.57
951.673
826.074
992.618
1150.91
594.693
781.426
976.617
813.542
814.614
412.254
405.879
540.23
1195.75
1012.17
544.64
910.762
631.344
644.824
780.351
131.085
438.308
750.103
415.489
466.404
816.036
444.234
193.836
979.512
1096.23
660.391
553.97
225.23
644.918
426.888
338.518
521.138
532.556
920.056
540.66
591.745
481.177
393.785
938.674
322.918
962.646
680.07
721.417
875.9
246.702
158.404
689.244
505.634
789.159
824.975
425.263
605.572
806.736
813.425
453.464
361.966
1088.3
786.451
613.408
555.309
514.767
751.113
858.24
530.987
505.412
754.526
471.459
798.437
534.018
0
779.343
864.625
992.33
921.791
774.352
543.163
479.44
732.064
270.047
833.111
739.393
254.615
433.143
639.458
199.083
803.508
756.218
957.032
663.489
738.675
751.91
995.418
741.186
711.732
349.904
526.573
940.57
544.735
621.735
1020.36
358.755
436.376
814.948
948.953
502.407
764.765
480.541
159.966
808.348
1089.96
375.109
613.609
270.358
962.339
858.895
905.71
1013.04
552.088
707.3
614.741
1151.31
857.875
739.731
832.069
1154.54
875.6
719.497
745.226
166.111
1032.53
803.974
883.937
1018.16
743.332
1096.55
902.756
452.68
1005.99
1388.79
934.758
1111.92
1020.87
811.914
783.66
710.601
844.111
201.627
546.608
834.429
498.867
1018.3
562.445
427.506
556.791
537.442
869.166
821.442
908.035
682.486
811.44
990.911
65.3952
918.11
942.353
1043.69
334.429
488.479
543.846
1207.55
779.343
0
979.753
1159.59
762.067
338.286
807.745
382.269
966.61
942.997
957.444
673.384
767.085
806.367
629.931
854.083
1010.66
1054.96
844.891
789.516
266.374
512.302
821.194
119.578
556.784
465.74
1003.39
974.924
712.181
240.411
810.246
637.343
431.754
585.287
1049.63
427.354
1212.65
893.799
848.746
130.867
1079.64
970.273
373.795
812.637
273.094
158.091
880.181
907.426
661.766
602.222
554.307
309.669
556.502
813.997
687.301
232.134
495.868
772.572
787.586
833.506
713.808
659.855
589.228
658.334
658.901
871.793
399.714
600.843
914.619
544.58
797.035
186.655
652.797
689.184
814.13
977.159
933.392
817.189
486.38
171.473
544.236
599.092
433.005
686.489
777.834
649.457
601.693
714.893
94.3881
733.384
313.478
458.289
1013.5
95.5175
782.447
857.248
830.511
833.173
516.091
789.228
864.625
979.753
0
186.14
483.233
744.487
451.413
1010.6
426.415
873.133
333.248
371.71
611.318
477.835
418.53
719.121
468.559
327.537
270.407
596.363
807.981
707.212
595.619
992.646
439.126
906.167
645.385
279.583
664.967
786.361
464.917
539.636
675.167
590.761
302.897
604.56
468.546
439.059
864.015
885.299
243.293
802.425
655.023
997.483
368.063
308.172
988.062
1019.64
796.682
722.867
695.771
306.721
684.118
955.642
763.573
174.62
567.421
932.192
929.5
1012.41
771.327
764.174
717.415
705.713
755.683
968.514
523.832
770.108
1026.04
466.117
911.248
200.114
758.984
840.769
973.24
1108.49
1061.55
1001.5
660.92
329.794
711.55
670.256
607.002
870.197
956.296
823.766
721.009
797.906
256.243
899.073
459.057
534.788
1193.42
246.081
906.602
914.406
1016.44
1008.27
698.126
835.949
992.33
1159.59
186.14
0
643.199
907.476
598.237
1176
466.555
986.997
375.13
555.168
738.501
589.457
601.876
826.3
488.805
332.521
401.075
686.729
993.787
889.008
676.549
1176.07
624.059
1073.39
695.878
317.897
774.847
969.892
564.089
694.934
851.004
769.528
385.506
782.354
467.124
551.687
973.497
1063.7
267.76
877.355
840.175
566.564
570.061
496.789
988.993
891.383
745.369
783.694
685.766
651.504
596.256
793.832
892.433
574.511
814.921
561.636
763.483
664.13
991.69
862.324
565.84
979.348
825.624
875.461
494.938
583.374
916.31
914.953
829.726
501.992
597.595
422.982
421.918
1036.19
946.404
577.04
478.466
469.659
450.072
824.714
461.923
343.524
375.897
503.135
681.868
854.021
487.492
476.981
505.812
704.225
801.489
476.962
703.377
1134.11
500.791
631.441
236.379
985.614
921.791
762.067
483.233
643.199
0
666.41
454.346
920.574
808.083
910.076
723.831
213.576
728.564
710.164
292.157
871.185
861.194
763.499
403.035
849.752
516.947
341.732
787.523
744.208
303.465
795.403
963.683
654.885
860.867
574.52
596.089
591.8
565.417
196.073
367.985
516.802
765.146
609.069
995.395
668.997
480.731
1041.74
442.673
407.973
781.658
604.05
876.523
1044.1
235.881
524.265
416.642
964.386
795.625
767.23
499.04
904.486
606.746
787.779
767.198
262.12
880.36
653.732
844.124
818.985
409.195
1104.04
790.138
322.899
1033.58
1196.72
929.853
905.183
990.763
836.843
857.385
709.941
880.888
331.667
407.954
579.546
249.782
897.602
355.135
433.75
643.025
548.692
804.877
490.621
669.433
743.089
642.339
846.335
383.399
665.269
964.174
882.132
476.909
609.372
433.481
1124.53
774.352
338.286
744.487
907.476
666.41
0
722.86
511.37
690.822
952.246
661.104
534.765
675.612
625.173
517.299
769.319
719.973
801.188
587.938
515.371
388.548
565.606
483.092
425.849
398.055
579.436
803.246
673.076
486.254
338.607
498.983
535.171
427.325
553.751
892.395
349.207
1053.07
768.074
793.144
246.195
839.93
835.478
367.985
564.54
279.533
446.557
576.123
484.713
724.979
521.171
482.693
419.525
145.526
420.592
906.093
656.544
622.607
344.68
385.437
657.103
605.122
532.345
156.447
649.33
844.353
469.899
107.894
445.7
499.964
643.648
396.645
486.983
286.949
325.793
513.986
724.195
554.047
619.887
323.457
448.848
598.141
392.869
395.736
540.875
521.155
299.17
232.645
955.278
413.792
337.967
214.89
301.861
817.565
479.246
343.41
787.973
597.696
463.832
456.815
539.624
543.163
807.745
451.413
598.237
454.346
722.86
0
756.282
623.403
482.739
630.072
315.392
340.087
394.432
249.008
469.121
701.565
551.22
574.263
689.55
607.655
461.814
847.816
769.297
391.924
575.229
636.594
657.82
660.771
569.483
750.284
285.179
401.571
440.947
419.445
404.963
442.648
191.43
615.834
762.705
634.463
672.317
445.505
401.765
898.5
884.347
604.848
808.808
597.816
542.38
510.869
1098.55
740.576
508.601
886.35
1226.29
782.772
671.064
532.15
325.153
794.12
585.07
792.852
815.537
808.205
918.32
843.548
413.714
783.353
1289.65
722.626
1146.12
954.221
835.053
887.412
357.017
556.777
415.061
530.477
874.373
680.484
827.161
594.858
648.392
718.168
493.296
708.85
949.658
924.253
684.179
755.223
855.007
335.227
964.154
818.823
780.236
541.815
421.858
716.701
989.691
479.44
382.269
1010.6
1176
920.574
511.37
756.282
0
889.375
695.119
942.95
767.349
572.289
664.462
683.793
602.93
942.792
980.002
968.991
702.081
496.809
661.732
912.136
367.055
670.516
230.44
804.473
1016.67
574.068
376.193
954.036
517.78
377.095
752.789
1108.64
428.217
1111.22
779.883
540.176
463.817
1181.7
700.726
480.939
869.365
417.644
326.01
729.869
952.058
499.003
363.05
384.454
532.179
655.383
782.789
476.001
586.118
122.227
920.264
774.522
813.657
460.272
411.238
742.301
327.159
473.902
956.4
589.992
549.252
933.259
653.958
805.47
586.9
870.932
931.82
1078.5
765.255
855.43
862.555
513.074
352.987
619.959
534.279
461.719
853.704
987.173
727.577
633.098
603.029
357.827
909.774
409.827
474.414
987.909
390.217
914.009
509.71
950.359
888.715
716.79
762.092
732.064
966.61
426.415
466.555
808.083
690.822
623.403
889.375
0
841.084
157.931
618.244
522.983
315.403
607.152
562.931
81.8771
184.835
527.305
259.896
898.446
898.581
470.854
1004.13
597.115
852.755
315.786
312.37
361.242
819.197
529.14
510.55
683.633
829.019
709.729
616.175
605.761
502.652
656.337
896.678
622.01
512.56
738.997
735.309
619.348
835.045
244.642
180.063
942.198
599.943
638.627
745.545
344.671
203.346
1159.17
1092.38
803.297
467.044
201.818
807.625
514.78
515.314
387.466
653.611
1100.19
280.875
515.042
635.285
130.17
842.99
98.8809
920.002
500.374
616.695
797.721
513.427
165.569
812.523
604.762
846.602
944.369
374.023
714.199
868.092
811.564
491.419
273.072
1256.43
815.89
548.123
571.738
466.171
918.509
894.716
330.847
672.263
824.072
516.706
852.395
369.667
270.047
942.997
873.133
986.997
910.076
952.246
482.739
695.119
841.084
0
929.092
760.573
339.431
535.571
664.571
317.842
919.942
804.316
1012.3
845.719
834.996
767.755
1151.54
882.141
779.939
502.235
649.136
1019.96
752.336
746.846
1132.23
453.294
552.046
829.698
882.349
624.837
656.819
437.382
378.362
962.87
1092.19
534.42
703.947
862.163
426.053
233.412
844.909
1021.51
484.351
457.689
437.986
522.036
694.624
855.647
425.602
462.141
234.384
933.98
842.687
811.679
603.086
532.167
767.23
481.306
424.477
1017.41
597.07
566.661
1010.14
677.299
881.474
505.04
882.074
915.488
1042.95
871.449
948.57
846.298
515.178
255.106
545.836
629.262
436.453
800.872
947.983
741.816
694.603
515.646
277.639
907.985
419.475
538.12
988.247
278.263
951.664
663.979
922.721
911.656
648.416
856.935
833.111
957.444
333.248
375.13
723.831
661.104
630.072
942.95
157.931
929.092
0
556.204
606.633
405.441
571.296
674.38
159.931
224.141
394.379
331.661
871.048
861.41
380.374
1000.38
540.141
904.846
469.06
155.158
448.375
812.303
395.84
556.352
703.57
769.299
633.525
620.902
634.527
547.527
778.27
869.809
489.95
658.037
720.399
475.109
411.875
336.295
804.231
777.388
575.386
570.66
475.645
544.894
453.357
637.357
740.699
538.07
613.519
497.247
610.293
542.349
789.113
650.8
457.679
772.156
672.042
776.167
362.8
393.081
791.287
809.497
687.635
453.76
545.896
424.589
498.931
844.602
786.181
487.599
275.852
311.83
337.719
648.587
260.174
325.974
411.828
363.582
521.906
737.49
338.798
431.83
314.776
535.434
707.009
350.914
620.069
922.356
466.856
526.191
174.904
837.333
739.393
673.384
371.71
555.168
213.576
534.765
315.392
767.349
618.244
760.573
556.204
0
533.41
500.859
103.808
674.891
677.613
591.151
330.362
648.2
457.979
337.662
652.857
664.941
136.784
648.651
756.191
522.842
652.726
465.127
503.764
392.175
403.68
226.837
377.379
342.018
650.003
439.065
797.119
585.908
467.947
832.802
322.58
587.304
394.838
535.101
281.535
466.03
623.127
276.738
310.394
577.136
272.064
262.921
821.785
842.455
474.249
497.464
256.578
606.938
333.859
228.22
372.151
403.327
765.501
515.919
371.163
358.237
440.858
729.715
316.837
712.185
542.548
602.066
774.854
416.696
343.403
635.194
325.683
546.781
659.055
259.116
413.909
684.61
717.026
355.811
201.604
922.738
534.952
530.76
304.159
292.042
759.69
609.565
472.553
480.629
690.924
471.658
627.481
459.301
254.615
767.085
611.318
738.501
728.564
675.612
340.087
572.289
522.983
339.431
606.633
533.41
0
207.814
443.84
143.048
601.564
522.163
724.688
514.606
670.681
643.003
814.72
744.248
524.884
433.382
392.27
704.35
435.905
568.889
812.45
164.404
358.012
661.306
714.082
382.032
554.337
246.648
281.433
753.886
840.469
353.548
507.09
658.906
311.198
381.448
443.734
653.134
511.731
180.034
221.019
497.707
385.405
467.84
653.153
702.855
275.223
644.234
459.972
641.4
300.49
185.287
484.623
280.658
609.444
678.003
392.13
356.283
631.85
654.961
503.851
611.105
641.116
701.101
865.399
522.045
545.438
681.199
313.637
399.798
583.278
301.9
342.294
704.327
788.139
464.791
343.81
764.611
393.015
653.34
234.114
276.583
812.677
463.302
631.995
426.712
755.459
613.651
605.628
545.413
433.143
806.367
477.835
589.457
710.164
625.173
394.432
664.462
315.403
535.571
405.441
500.859
207.814
0
439.988
273.341
394.327
336.271
595.193
346.062
718.51
703.543
645.466
811.785
484.587
576.717
265.15
518.245
316.027
622.872
660.123
227.878
438.444
679.311
660.788
409.478
517.148
266.699
394.972
765.5
712.483
344.073
546.562
413.54
391.712
366.651
708.265
688.66
559.684
505.79
415.745
548.804
374.478
534.604
754.518
610.385
589.106
417.339
508.267
488.41
721.46
577.21
386.84
718.877
682.239
698.585
318.494
321.635
699.727
805.4
595.746
506.245
498.971
382.532
480.77
750.832
684.01
440.022
198.498
348.424
362.615
580.531
225.742
322.966
389.644
264.203
437.192
769.868
369.821
362.152
271.315
482.593
655.573
401.206
542.837
855.843
428.169
434.954
212.344
768.7
639.458
629.931
418.53
601.876
292.157
517.299
249.008
683.793
607.152
664.571
571.296
103.808
443.84
439.988
0
586.541
673.572
586.6
411.448
619.388
420.236
308.471
682.054
612.177
148.102
552.225
703.072
565.595
603.294
405.699
562.637
300.067
311.855
245.098
433.706
263.775
630.589
377.029
704.927
558.224
552.31
757.969
262.852
696.189
489.677
642.589
171.201
478.429
695.992
310.634
386.46
653.947
375.688
296.369
880.932
946.777
509.296
602.528
304.288
699.969
245.639
201.942
474.608
354.644
832.479
538.656
486.187
464.899
439.316
761.599
330.843
818.779
634.345
724.154
901.276
359.791
307.343
743.536
456.924
658.623
779.879
256.333
537.661
818.019
848.044
480.763
282.844
1000.39
642.881
649.038
425.58
350.109
839.395
719.22
542.611
382.295
810.556
566.771
766.614
422.641
199.083
854.083
719.121
826.3
871.185
769.319
469.121
602.93
562.931
317.842
674.38
674.891
143.048
273.341
586.541
0
636.038
571.515
846.372
546.64
787.882
776.363
892.053
832.858
661.746
485.178
348.429
791.242
456.143
676.038
917.691
299.383
470.642
802.406
836.109
502.033
604.004
346.419
165.944
853.969
956.055
244.223
632.873
929.078
489.945
371.821
800.537
1033.11
514.283
423.67
443.907
589.026
736.819
860.823
442.785
602.42
162.37
998.553
853.567
862.905
519.003
475.323
822.781
373.62
455.941
1037.07
666.925
609.243
1013.65
697.009
886.13
628.806
948.926
1006.74
1148.36
821.725
930.902
916.001
580.354
396.777
653.239
610.373
519.231
907.512
1051.3
801.313
714.86
574.861
407.947
985.576
487.106
552.211
1034.11
427.046
995.607
543.945
1008.99
960.943
768.455
833.656
803.508
1010.66
468.559
488.805
861.194
719.973
701.565
942.792
81.8771
919.942
159.931
677.613
601.564
394.327
673.572
636.038
0
233.15
551.225
274.09
953.326
962.246
445.385
1055.57
651.768
919.973
364.342
308.121
394.79
875.851
525.676
586.885
751.16
887.509
762.164
679.242
668.108
583.387
720.363
937.267
642.549
564.827
799.621
914.784
293.624
296.235
737.831
889.39
641.072
459.263
478.242
360.673
583.786
777.446
633.559
483.763
289.104
880.367
761.778
895.265
466.705
476.929
660.329
377.547
626.951
868.996
489.835
617.416
877.721
473.398
753.491
449.429
762.351
865.243
1027.66
844.002
854.112
921.949
543.084
332.876
685.832
459.399
507.957
874.774
975.867
728.385
573.654
736.118
284.691
871.8
351.074
371.028
1076.17
334.01
838.201
585.946
980.602
902.323
725.195
664.531
756.218
1054.96
327.537
332.521
763.499
801.188
551.22
980.002
184.835
804.316
224.141
591.151
522.163
336.271
586.6
571.515
233.15
0
517.573
431.877
943.32
893.746
600.501
1076.24
611.748
901.24
368.438
327.32
509.025
876.038
595.596
524.735
721.519
814.973
588.155
663.238
438.896
420.059
698.56
982.54
540.332
564.581
773.098
728.171
495.095
236.61
1004.87
1053.03
545.422
654.072
566.435
574.953
702.194
902.941
567.033
332.682
558.44
823.559
880.191
725.607
875.571
754.799
728.248
799.933
527.321
1039.89
569.863
565.26
1060.34
814.819
942.876
397.923
806.185
740.013
802.157
1022.49
1037.85
704.37
480.071
205.446
355.852
795.661
384.161
556.102
706.028
663.348
752.68
533.696
268.785
761.829
455.658
666.89
891.7
198.668
912.409
976.014
725.51
828.895
385.253
1007.4
957.032
844.891
270.407
401.075
403.035
587.938
574.263
968.991
527.305
1012.3
394.379
330.362
724.688
595.193
411.448
846.372
551.225
517.573
0
601.46
690.003
635.284
446.893
878.171
342.045
905.153
784.671
280.923
674.825
694.164
245.624
602.119
656.605
499.338
434.377
563.354
728.536
615.93
966.265
729.869
255.672
927.946
577.326
752.807
576.944
450.563
694.299
980.361
300.476
251.658
262.287
739.282
715.605
741.65
350.765
772.542
145.276
913.203
743.718
651.077
504.514
351.275
807.145
376.679
327.452
1018.81
696.014
431.161
954.663
887.582
830.515
775.53
963.609
965.718
1087.5
617.738
809.296
730.867
463.254
459.435
538.518
631.972
412.022
788.922
949.257
681.207
682.533
501.599
509.288
902.914
500.238
604.774
806.746
533.366
957.692
468.751
855.335
808.584
690.662
870.447
663.489
789.516
596.363
686.729
849.752
515.371
689.55
702.081
259.896
845.719
331.661
648.2
514.606
346.062
619.388
546.64
274.09
431.877
601.46
0
787.606
857.457
398.297
843.629
574.316
725.531
363.726
454.394
143.303
690.967
527.946
477.862
589.186
815.699
858.823
521.142
802.3
599.307
584.022
733.795
776.396
479.409
653.333
116.123
794.864
717.103
856.003
868.78
585.403
678.622
573.612
966.689
681.563
642.772
854.411
976.527
832.753
515.466
634.463
220.369
975.923
769.43
685.559
974.95
764.153
929.377
705.873
385.469
874.525
1217.18
801.951
911.283
800.178
566.089
527.694
756.124
777.878
91.6604
412.979
690.505
400.052
895.332
441.531
181.113
297.13
361.806
719.197
835.659
750.211
456.624
652.285
843.315
296.06
761.735
753.656
1044.18
89.9761
351.152
327.368
1073.43
738.675
266.374
807.981
993.787
516.947
388.548
607.655
496.809
898.446
834.996
871.048
457.979
670.681
718.51
420.236
787.882
953.326
943.32
690.003
787.606
0
247.568
807.54
228.133
371.344
448.737
959.133
867.769
728.172
134.712
729.3
521.913
317.34
328.596
820.968
310.767
1033.85
734.023
831.108
227.268
895.309
950.581
178.376
276.386
685.327
661.647
849.921
756.925
713.845
726.226
628.529
827.103
555.056
608.965
953.499
864.782
860.98
361.212
586.837
434.965
964.145
796.978
526.859
981.51
869.068
788.341
557.599
459.494
776.997
1080.69
710.781
765.518
603.06
340.477
294.281
844.429
758.889
320.225
409.736
637.115
468.804
817.84
454.605
168.677
91.8761
301.624
621.38
936.355
669.921
275.273
567.007
745.863
534.767
686.961
596.81
1082.94
193.118
342.168
263.024
968.776
751.91
512.302
707.212
889.008
341.732
565.606
461.814
661.732
898.581
767.755
861.41
337.662
643.003
703.543
308.471
776.363
962.246
893.746
635.284
857.457
247.568
0
883.525
455.219
331.354
529.418
965.947
842.9
813.284
318.011
755.768
502.061
360.736
154.357
639.467
364.083
891.862
630.419
859.987
465.583
783.465
974.26
231.289
830.31
738.323
466.661
1047.4
1252.62
317.157
595.688
529.77
862.547
933.262
1021.09
133.791
675.587
446.509
1071.67
1014.56
723.314
873.442
719.678
997.691
743.498
134.749
1275.13
856.116
596.349
1240.43
1050.14
1114.55
772.601
1126.8
1064.1
1130.09
955.663
1125.04
774.386
606.452
453.915
428.772
931.837
494.529
759.503
968.129
840.25
939.649
135.62
542.088
1026.92
669.408
851.683
865.302
502.865
1170.45
863.845
881.321
974.773
643.539
1174.33
995.418
821.194
595.619
676.549
787.523
483.092
847.816
912.136
470.854
1151.54
380.374
652.857
814.72
645.466
682.054
892.053
445.385
600.501
446.893
398.297
807.54
883.525
0
902.38
570.793
950.791
730.094
360.677
505.549
766.383
232.261
712.889
754.68
794.765
854.084
653.561
986.49
823.723
951.485
718.565
648.724
871.072
718.88
208.916
953.316
882.759
870.012
938.293
631.123
728.483
640.457
1139.74
811.65
680.115
919.104
1174.03
916.869
635.591
684.714
194.423
1031.05
811.446
828.129
1034.96
829.203
1024.39
870.37
464.643
934.364
1376.37
874.107
1111.11
957.752
739.629
704.982
697.877
785.325
178.995
545.031
859.39
550.412
993.695
582.733
407.743
488.772
483.49
826.173
914.378
923.484
602.772
803.489
970.902
100.907
940.439
866.659
1060.14
270.202
402.589
543.874
1166.17
741.186
119.578
992.646
1176.07
744.208
425.849
769.297
367.055
1004.13
882.141
1000.38
664.941
744.248
811.785
612.177
832.858
1055.57
1076.24
878.171
843.629
228.133
455.219
902.38
0
564.072
405.508
1020.43
1019.76
757.747
210.91
874.759
620.193
399.441
555.226
1033.31
420.606
1190.39
868.65
830.643
213.359
1099.08
973.699
349.407
392.403
480.151
354.469
790.509
820.753
456.123
510.561
400.233
638.35
510.845
631.001
649.102
611.154
569.086
534.995
610.735
425.069
781.732
610.587
532.578
751.886
572.376
839.913
451.912
296.019
827.354
896.743
720.34
557.554
646.5
506.749
561.619
778.696
777.19
385.541
212.763
325.902
216.014
683.62
170.642
265.986
417.661
346.35
561.152
644.215
384.978
472.628
355.78
587.059
593.935
391.194
684.455
884.466
403.84
494.461
124.758
890.709
711.732
556.784
439.126
624.059
303.465
398.055
391.924
670.516
597.115
779.939
540.141
136.784
524.884
484.587
148.102
661.746
651.768
611.748
342.045
574.316
371.344
331.354
570.793
564.072
0
585.877
735.22
518.367
571.039
366.337
447.752
366.222
335.996
246.096
506.266
252.157
739.459
491.545
762.412
463.381
539.836
802.418
237.495
333.011
760.282
805.369
480.098
592.491
662.242
513.97
482.865
950.626
545.674
305.349
949.431
1127.9
765.829
452.21
323.691
364.451
714.364
532.619
585.409
768.05
869.439
699.689
668.085
365.907
573.756
1141.56
518.776
1014.82
739.133
632.089
707.792
364.603
384.424
395.044
433.071
797.725
668.518
677.974
531.844
570.299
581.103
312.33
521.612
1011.86
827.777
480.07
624.36
703.915
429.275
878.52
592.29
765.734
463.315
223.332
630.881
817.231
349.904
465.74
906.167
1073.39
795.403
579.436
575.229
230.44
852.755
502.235
904.846
648.651
433.382
576.717
552.225
485.178
919.973
901.24
905.153
725.531
448.737
529.418
950.791
405.508
585.877
0
756.623
973.379
605.118
336.748
949.171
386.391
251.003
632.912
957.63
344.999
948.495
618.686
466.365
521.439
1085.93
654.728
391.025
893.49
488.967
558.991
486.193
792.95
634.54
296.284
401.262
619.528
596.669
633.727
699.79
840.044
285.015
881.369
636.156
846.188
168.041
225.49
700.212
16.889
685.187
817.347
611.359
577.757
759.195
680.73
644.131
773.589
844.211
950.657
1124.86
565.955
653.403
909.608
567.971
585.787
796.878
376.664
580.009
959.15
1050.8
713.92
529.197
849.612
571.023
903.211
474.314
414.232
1004.23
634.063
825.855
218.653
1003.31
841.616
859.061
575.57
526.573
1003.39
645.385
695.878
963.683
803.246
636.594
804.473
315.786
649.136
469.06
756.191
392.27
265.15
703.072
348.429
364.342
368.438
784.671
363.726
959.133
965.947
730.094
1020.43
735.22
756.623
0
618.513
352.248
851.223
807.074
475.626
673.049
942.323
865.733
649.381
606.544
468.954
409.675
972.018
877.637
215.161
795.313
878.558
469.135
212.775
961.797
1093.34
527.59
576.53
531.011
537.319
748.468
937.695
448.34
349.801
380.108
959.368
920.547
839.026
742.774
662.418
804.883
631.202
446.056
1080.39
625.423
620.391
1089.04
715.601
962.228
443.879
901.518
910.366
1016.96
987.39
1045.94
856.333
555.009
220.563
512.234
730.629
460.399
771.256
924.387
777.305
768
485.234
256.214
919.613
467.47
618.408
1013.8
210.279
995.853
816.116
915.982
950.977
606.793
951.673
940.57
974.924
279.583
317.897
654.885
673.076
657.82
1016.67
312.37
1019.96
155.158
522.842
704.35
518.245
565.595
791.242
308.121
327.32
280.923
454.394
867.769
842.9
360.677
1019.76
518.367
973.379
618.513
0
568.854
831.933
299.32
628.518
749.349
729.35
571.356
658.121
678.534
612.986
903.778
872.567
364.474
801.974
729.696
676.389
597.761
519.254
587.091
897.128
310.382
159.647
193.517
778.91
667.844
637.588
455.223
863.185
239.648
842.024
645.215
572.271
458.448
262.624
761.965
365.219
414.006
951.514
683.065
359.814
867.402
930.704
749.111
837.079
929.204
923.118
1045.6
477.18
695.759
662.439
420.532
525.868
552.77
594.235
401.828
757.836
903.436
608.495
624.001
594.87
572.192
841.13
500.021
591.676
719.452
608.452
892.165
410.846
794.517
714.476
685.692
826.074
544.735
712.181
664.967
774.847
860.867
486.254
660.771
574.068
361.242
752.336
448.375
652.726
435.905
316.027
603.294
456.143
394.79
509.025
674.825
143.303
728.172
813.284
505.549
757.747
571.039
605.118
352.248
568.854
0
616.27
619.983
409.484
505.028
797.299
896.98
455.529
820.922
575.453
467.625
677.36
859.711
401.076
597.699
72.6497
743.89
680.524
741.597
804.112
510.369
565.276
467.94
929.495
623.842
548.308
796.533
975.199
742.716
499.225
545.316
123.129
865.406
652.395
645.767
866.561
706.67
875.204
667.05
279.58
802.003
1168.3
723.657
904.422
782.217
586.209
592.965
623.765
675.734
68.3862
338.398
658.499
397.536
808.469
382.484
272.972
383.472
301.866
644.636
803.94
717.051
459.908
594.6
771.755
254.099
738.587
715.489
921.422
197.18
294.471
368.163
992.618
621.735
240.411
786.361
969.892
574.52
338.607
569.483
376.193
819.197
746.846
812.303
465.127
568.889
622.872
405.699
676.038
875.851
876.038
694.164
690.967
134.712
318.011
766.383
210.91
366.337
336.748
851.223
831.933
616.27
0
720.715
428.118
213.221
395.44
833.766
217.415
984.941
668.177
706.73
226.939
906.094
829.153
144.821
772.249
662.23
368.96
1076.79
1202.64
419.451
658.329
569.524
766.42
862.604
1002.36
364.175
514.95
533.564
975.808
987.751
710.646
928.906
780.494
906.468
822.078
333.827
1209.56
757.666
588.229
1200.97
984.197
1078.36
620.469
1011.11
928.241
976.542
1027.45
1127.25
722.309
556.44
343.541
330.589
918.125
438.481
634.291
832.621
772.119
893.434
293.74
434.671
916.994
600.564
810.544
861.621
372.651
1085.39
972.946
788.6
918.886
495.54
1150.91
1020.36
810.246
464.917
564.089
596.089
498.983
750.284
954.036
529.14
1132.23
395.84
503.764
812.45
660.123
562.637
917.691
525.676
595.596
245.624
527.946
729.3
755.768
232.261
874.759
447.752
949.171
807.074
299.32
619.983
720.715
0
688.152
718.495
639.838
678.31
613.788
911.01
766.791
1006.75
690.56
459.795
951.677
642.455
451.128
382.561
447.567
425.469
547.884
513.779
268.446
231.424
581.088
289.034
317.871
735.362
769.661
456.317
441.707
305.212
473.34
465.861
302.206
369.206
490.153
668.408
594.211
345.64
215.829
534.973
781.518
415.414
655.499
541.465
526.195
673.053
471.643
441.806
491.028
163.439
449.117
502.452
385.642
263.899
525.82
583.335
239.542
273.506
812.618
459.376
447.751
245.007
358.085
639.413
522.333
495.961
586.141
547.599
387.737
467.731
594.693
358.755
637.343
539.636
694.934
591.8
535.171
285.179
517.78
510.55
453.294
556.352
392.175
164.404
227.878
300.067
299.383
586.885
524.735
602.119
477.862
521.913
502.061
712.889
620.193
366.222
386.391
475.626
628.518
409.484
428.118
688.152
0
225.115
512.116
639.557
226.306
601.975
272.771
405.693
608.758
747.873
475.893
351.509
230.601
573.492
575.001
546.077
624.403
505.491
409.119
332.167
765.816
430.397
360.952
779.668
889.181
612.639
391.395
355.059
277.966
667.864
471.898
471.098
687.766
697.306
693.083
495.666
167.994
617.59
987.518
525.896
789.758
628.308
502.415
585.512
492.3
496.516
279.916
197.128
562.692
442.707
597.808
295.187
375.874
438.767
146.505
437.984
824.717
599.722
378.416
425.673
572.22
430.886
642.442
553.172
750.514
345.676
226.185
393.193
781.426
436.376
431.754
675.167
851.004
565.417
427.325
401.571
377.095
683.633
552.046
703.57
403.68
358.012
438.444
311.855
470.642
751.16
721.519
656.605
589.186
317.34
360.736
754.68
399.441
335.996
251.003
673.049
749.349
505.028
213.221
718.495
225.115
0
420.008
734.986
105.336
800.028
472.118
522.854
419.844
840.506
644.881
178.348
378.192
618.974
557.808
901.613
822.294
677.016
719.013
614.918
745.407
563.559
683.58
880.745
727.51
807.149
451.717
658.068
495.69
959.619
800.496
539.21
958.39
801.729
834.803
517.916
470.217
843.008
1008.19
762.325
645.967
605.81
373.695
347.881
910.172
837.517
395.069
393.88
529.994
392.933
810.929
404.427
166.901
208.214
368.64
638.352
851.319
564.705
362.712
513.755
715.581
619.966
568.991
649.299
1084.25
305.68
464.84
152.202
976.617
814.948
585.287
590.761
769.528
196.073
553.751
440.947
752.789
829.019
829.698
769.299
226.837
661.306
679.311
245.098
802.406
887.509
814.973
499.338
815.699
328.596
154.357
794.765
555.226
246.096
632.912
942.323
729.35
797.299
395.44
639.838
512.116
420.008
0
523.203
386.799
834.934
605.97
903.903
507.125
639.568
984.703
276.062
834.283
386.173
424.782
968.782
855.274
878.776
801.07
744.059
352.178
539.738
839.955
956.329
354.273
766.144
679.347
804.856
916.477
886.151
842.198
515.618
878.153
913.965
793.256
371.525
727.253
880.823
590.384
789.119
189.23
499.935
527.587
636.4
1108.04
970.435
859.211
592.856
422.316
671.37
686.784
579.38
672.15
680.566
653.664
622.027
957.557
362.542
630.876
433.081
543.614
1081.38
370.575
682.978
1067.15
811.008
819.997
527.51
813.542
948.953
1049.63
302.897
385.506
367.985
892.395
419.445
1108.64
709.729
882.349
633.525
377.379
714.082
660.788
433.706
836.109
762.164
588.155
434.377
858.823
820.968
639.467
854.084
1033.31
506.266
957.63
865.733
571.356
896.98
833.766
678.31
639.557
734.986
523.203
0
690.58
482.441
497.628
992.881
961.835
325.377
983.316
688.992
256.326
538.853
493.64
602.96
699.814
418.06
377.259
277.81
732.167
459.715
444.506
685.301
812.854
547.345
460.286
436.282
264.727
669.421
465.446
505.1
665.176
602.203
756.365
489.301
97.0959
693.72
963.07
591.657
732.952
659.783
534.786
612.413
542.121
579.312
273.75
126.237
478.194
342.723
610.956
198.647
339.202
451.7
209.402
473.48
723.821
527.079
432.104
387.289
566.673
440.795
561.628
616.042
745.988
356.179
321.78
324.932
814.614
502.407
427.354
604.56
782.354
516.802
349.207
404.963
428.217
616.175
624.837
620.902
342.018
382.032
409.478
263.775
502.033
679.242
663.238
563.354
521.142
310.767
364.083
653.561
420.606
252.157
344.999
649.381
658.121
455.529
217.415
613.788
226.306
105.336
386.799
690.58
0
786.496
469.716
564.545
385.9
761.366
652.423
150.992
992.677
274.421
544.629
718.099
660.911
966.338
697.006
716.815
169.502
430.129
715.28
1038.56
601.008
672.661
745.782
686.941
1051.21
571.176
657.862
458.938
611.262
1011.38
581.203
337.459
786.266
668.551
210.725
579.748
422.84
470.578
698.199
895.772
957.091
782.208
1037.32
672.384
572.207
909.323
358.361
700.273
950.624
947.877
726.808
445.529
1117.85
477.323
758.427
412.573
264.503
1223.96
546.5
598.136
787.864
1033.51
886.085
822.684
412.254
764.765
1212.65
468.546
467.124
765.146
1053.07
442.648
1111.22
605.761
656.819
634.527
650.003
554.337
517.148
630.589
604.004
668.108
438.896
728.536
802.3
1033.85
891.862
986.49
1190.39
739.459
948.495
606.544
678.534
820.922
984.941
911.01
601.975
800.028
834.934
482.441
786.496
0
333.586
765.776
1157.7
655.78
708.834
862.025
678.007
183.865
423.858
477.676
486.73
713.045
428.975
432.443
344.844
165.169
419.619
863.729
656.915
510.02
491.508
392.31
731.604
429.686
406.836
250.907
479.848
814.533
470.85
152.733
471.852
485.073
525.9
363.482
495.189
384.2
509.166
703.759
663.34
518.251
725.949
368.084
440.723
666.913
215.868
429.416
685.953
698.225
411.731
170.242
944.308
389.449
506.805
166.895
116.286
899.719
471.014
419.341
628.673
740.288
571.943
586.636
405.879
480.541
893.799
439.059
551.687
609.069
768.074
191.43
779.883
502.652
437.382
547.527
439.065
246.648
266.699
377.029
346.419
583.387
420.059
615.93
599.307
734.023
630.419
823.723
868.65
491.545
618.686
468.954
612.986
575.453
668.177
766.791
272.771
472.118
605.97
497.628
469.716
333.586
0
509.747
852.53
665.078
519.03
559.253
730.089
649.446
770.841
144.953
556.556
722.966
357.108
443.617
817.012
523.004
343.018
919.72
1092.34
580.97
692.293
367.938
709.7
313.895
249.242
615.326
412.841
871.628
642.065
645.007
517.336
508.518
914.538
427.695
975.938
776.342
841.719
1003.41
226.563
299.5
773.242
549.893
784.49
852.818
411.882
629.052
893.116
930.175
562.385
431.186
1048.01
781.945
744.057
573.706
514.797
824.344
853.399
653.716
350.848
859.958
606.243
863.96
540.23
159.966
848.746
864.015
973.497
995.395
793.144
615.834
540.176
656.337
378.362
778.27
797.119
281.433
394.972
704.927
165.944
720.363
698.56
966.265
584.022
831.108
859.987
951.485
830.643
762.412
466.365
409.675
903.778
467.625
706.73
1006.75
405.693
522.854
903.903
992.881
564.545
765.776
509.747
0
869.286
1098.26
228.004
696.878
270.995
898.23
765.843
928.499
1029.43
477.311
678.09
572.473
1080.91
831.851
762.83
743.78
1047.29
814.324
718.524
763.024
164.313
1016.08
788.205
857.563
987.659
654.155
1099.97
851.701
412.167
1025.31
1325.76
943.035
1019.43
990.61
780.905
752.529
756.76
880.888
177.089
490.909
738.52
379.958
994.171
483.949
346.434
519.098
521.924
851.923
717.341
817.807
669.052
750.639
949.561
193.716
819.167
939.575
1036.68
311.042
515.414
444.809
1195.75
808.348
130.867
885.299
1063.7
668.997
246.195
762.705
463.817
896.678
962.87
869.809
585.908
753.886
765.5
558.224
853.969
937.267
982.54
729.869
733.795
227.268
465.583
718.565
213.359
463.381
521.439
972.018
872.567
677.36
226.939
690.56
608.758
419.844
507.125
961.835
385.9
1157.7
852.53
869.286
0
968.427
967.176
322.757
929.008
504.888
346.378
1114.85
1107.06
784.178
818.297
752.843
487.032
758.971
1022.93
766.735
115.702
693.766
917.796
994.453
954.811
955.573
891.37
769.173
890.538
745.467
1062.83
592.596
770.305
1121.38
697.008
1010.49
244.112
799.445
793.117
870.934
1194.58
1152.81
920.93
660.667
338.472
605.054
836.542
589.052
743.032
840.369
811.932
819.532
742.179
319.791
860.298
538.448
692.193
1123.65
256.614
955.346
1089.3
913.571
987.031
571.256
1012.17
1089.96
1079.64
243.293
267.76
480.731
839.93
634.463
1181.7
622.01
1092.19
489.95
467.947
840.469
712.483
552.31
956.055
642.549
540.332
255.672
776.396
895.309
783.465
648.724
1099.08
539.836
1085.93
877.637
364.474
859.711
906.094
459.795
747.873
840.506
639.568
325.377
761.366
655.78
665.078
1098.26
968.427
0
1040.79
773.918
864.864
606.034
710.592
321.387
702.377
702.619
323.111
441.425
753.28
596.918
528.093
829.37
1015.15
451.113
841.477
542.1
821.591
149.075
195.187
700.444
212.346
801.431
755.487
670.176
585.119
658.011
814.225
560.818
923.226
854.468
954.201
1127.79
398.939
505.668
892.722
602.8
732.015
873.785
388.356
648.439
985.572
1053.57
690.12
507.952
978.214
722.72
881.138
563.95
482.715
957.122
791.736
781.485
139.634
989.943
777.395
919.512
544.64
375.109
970.273
802.425
877.355
1041.74
835.478
672.317
700.726
512.56
534.42
658.037
832.802
353.548
344.073
757.969
244.223
564.827
564.581
927.946
479.409
950.581
974.26
871.072
973.699
802.418
654.728
215.161
801.974
401.076
829.153
951.677
475.893
644.881
984.703
983.316
652.423
708.834
519.03
228.004
967.176
1040.79
0
799.379
158.111
620.201
562.641
719.961
748.133
502.925
527.508
423.78
798.035
521.527
520.216
767.068
842.707
679.55
429.215
507.752
243.465
811.187
614.41
538.46
811.235
680.033
800.292
540.233
240.745
751.582
1044.16
663.487
763.925
668.857
479.85
508.071
660.624
663.759
179.616
238.482
540.139
332.925
723.381
284.516
199.527
316.676
221.804
557.414
773.551
591.573
376.996
475.486
666.893
396.135
614.069
634.168
896.244
213.414
295.65
246.565
910.762
613.609
373.795
655.023
840.175
442.673
367.985
445.505
480.939
738.997
703.947
720.399
322.58
507.09
546.562
262.852
632.873
799.621
773.098
577.326
653.333
178.376
231.289
718.88
349.407
237.495
391.025
795.313
729.696
597.699
144.821
642.455
351.509
178.348
276.062
688.992
150.992
862.025
559.253
696.878
322.757
773.918
799.379
0
